844 -0.9727 0.2314 -0.0581 -0.1526 0.2136 -0.3357 -0.8815 103.4854 -83.0035 28.0866
872 -0.9697 0.2285 -0.0537 -0.2747 0.0000 -0.4883 -0.8815 0.0000 2.0000 28.0986
898 -0.9717 0.2329 -0.0547 -0.1526 0.2441 -0.3662 -0.8815 0.0000 2.0000 28.0926
927 -0.9717 0.2310 -0.0552 -0.0610 0.2441 0.0610 0.0000 104.3669 -82.8331 28.0776
954 -0.9717 0.2334 -0.0566 -0.2441 0.0610 -0.5188 0.0000 0.0000 2.0000 28.1195
980 -0.9731 0.2339 -0.0537 -0.2136 0.2441 -0.3967 0.0000 0.0000 2.0000 28.0776
1006 -0.9707 0.2319 -0.0630 -0.1831 0.2747 -0.1221 0.0000 0.0000 2.0000 28.0896
1032 -0.9707 0.2324 -0.0605 -0.1221 0.0916 -0.1221 0.0000 0.0000 2.0000 28.0776
1057 -0.9731 0.2334 -0.0552 -0.2441 -0.0305 -0.5493 0.0000 102.6039 -82.8331 28.0896
1088 -0.9722 0.2314 -0.0562 -0.0916 0.1831 -0.2747 0.0000 0.0000 2.0000 28.0926
1115 -0.9707 0.2334 -0.0547 -0.0610 0.2136 0.0610 0.0000 0.0000 2.0000 28.0926
1140 -0.9717 0.2319 -0.0542 -0.2747 0.1221 -0.6714 0.0000 0.0000 2.0000 28.0836
1166 -0.9717 0.2329 -0.0571 -0.1831 0.1831 -0.3357 0.0000 0.0000 2.0000 28.0776
1191 -0.9707 0.2344 -0.0537 -0.0916 0.2136 0.0000 -0.7052 104.3669 -83.5148 28.1106
1219 -0.9717 0.2319 -0.0571 -0.2136 0.0610 -0.3662 -0.7052 0.0000 2.0000 28.1046
1246 -0.9731 0.2329 -0.0552 -0.2136 0.1221 -0.3052 -0.7052 0.0000 2.0000 28.0956
1274 -0.9727 0.2314 -0.0552 -0.2136 0.2441 -0.1221 -0.7052 0.0000 2.0000 28.0776
1301 -0.9722 0.2344 -0.0557 -0.2136 0.1526 -0.4883 0.3526 102.9565 -83.5148 28.0746
1328 -0.9731 0.2334 -0.0576 -0.2441 0.1221 -0.3052 0.3526 0.0000 2.0000 28.0836
1354 -0.9727 0.2319 -0.0566 -0.1526 0.2441 -0.1831 0.3526 0.0000 2.0000 28.1016
1380 -0.9731 0.2329 -0.0571 -0.2747 0.1526 -0.3967 0.3526 0.0000 2.0000 28.0866
1405 -0.9717 0.2295 -0.0562 -0.2136 0.2136 -0.2747 0.3526 0.0000 2.0000 28.0926
1435 -0.9712 0.2334 -0.0557 -0.1221 0.1526 -0.0610 0.1763 103.8380 -83.3444 28.0686
1463 -0.9727 0.2319 -0.0581 -0.3662 0.0610 -0.6714 0.1763 0.0000 2.0000 28.0926
1488 -0.9727 0.2314 -0.0547 -0.2441 0.2136 -0.3357 0.1763 0.0000 2.0000 28.0776
1514 -0.9712 0.2339 -0.0586 -0.0610 0.2441 0.0916 0.1763 0.0000 2.0000 28.0806
1541 -0.9717 0.2319 -0.0605 -0.2747 0.0610 -0.6104 0.1763 0.0000 2.0000 28.0926
1566 -0.9736 0.2329 -0.0518 -0.3357 0.0610 -0.4272 0.1763 104.5432 -84.3670 28.0686
1597 -0.9731 0.2329 -0.0581 -0.0916 0.1526 -0.1221 0.1763 0.0000 2.0000 28.0806
1624 -0.9702 0.2329 -0.0581 -0.1831 0.1221 -0.2747 0.1763 0.0000 2.0000 28.0986
1672 -0.9731 0.2324 -0.0581 -0.2441 0.2136 -0.4578 0.1763 0.0000 2.0000 28.0716
1698 -0.9731 0.2324 -0.0581 -0.1221 0.2136 -0.1526 0.0000 104.3669 -82.8331 28.0896
1726 -0.9717 0.2329 -0.0566 -0.2747 0.1526 -0.5798 0.0000 0.0000 2.0000 28.0806
1752 -0.9722 0.2334 -0.0562 -0.0305 0.1831 -0.0610 0.0000 0.0000 2.0000 28.0866
1781 -0.9741 0.2305 -0.0562 -0.1526 0.1831 -0.3967 0.0000 0.0000 2.0000 28.0866
1807 -0.9727 0.2339 -0.0566 -0.1526 0.3357 -0.1831 0.0000 0.0000 2.0000 28.0986
1832 -0.9722 0.2324 -0.0571 -0.2441 0.2441 -0.3662 -0.5289 103.1328 -83.6853 28.0776
1860 -0.9702 0.2334 -0.0537 -0.2136 0.0916 -0.3357 -0.5289 0.0000 2.0000 28.0896
1887 -0.9707 0.2314 -0.0581 -0.2136 0.2136 -0.3967 -0.5289 0.0000 2.0000 28.0686
1912 -0.9712 0.2329 -0.0571 -0.2136 0.2136 -0.2136 -0.5289 0.0000 2.0000 28.0776
1942 -0.9727 0.2334 -0.0566 -0.2441 0.2441 -0.4578 0.0000 103.3091 -82.4922 28.0866
1970 -0.9731 0.2324 -0.0566 -0.2136 -0.0305 -0.3662 0.0000 0.0000 2.0000 28.0956
1995 -0.9731 0.2314 -0.0562 -0.3052 0.2136 -0.4883 0.0000 0.0000 2.0000 28.0776
2021 -0.9707 0.2334 -0.0566 -0.1221 0.2136 0.0305 0.0000 0.0000 2.0000 28.0746
2048 -0.9731 0.2324 -0.0571 -0.2136 0.0916 -0.4272 0.0000 0.0000 2.0000 28.0986
2073 -0.9731 0.2329 -0.0557 -0.1831 0.0610 -0.2747 -1.2341 103.8380 -83.3444 28.0716
2104 -0.9731 0.2339 -0.0566 -0.1831 0.1526 -0.4883 -1.2341 0.0000 2.0000 28.0896
2129 -0.9697 0.2329 -0.0557 -0.2441 0.2136 -0.4578 -1.2341 0.0000 2.0000 28.0776
2156 -0.9727 0.2329 -0.0542 -0.1831 0.1526 -0.2441 -1.2341 0.0000 2.0000 28.0866
2182 -0.9722 0.2319 -0.0542 -0.3662 0.1526 -0.4578 -1.2341 0.0000 2.0000 28.1076
2208 -0.9722 0.2319 -0.0562 0.0000 0.1831 0.1526 0.0000 105.0721 -82.8331 28.0776
2235 -0.9717 0.2324 -0.0562 -0.3357 0.0000 -0.4578 0.0000 0.0000 2.0000 28.0716
2262 -0.9727 0.2314 -0.0552 -0.2136 0.1831 -0.3052 0.0000 0.0000 2.0000 28.0866
2290 -0.9746 0.2314 -0.0581 -0.1831 0.2136 -0.2136 0.0000 0.0000 2.0000 28.0866
2316 -0.9722 0.2329 -0.0586 -0.2136 0.2747 -0.2136 1.2341 104.5432 -82.6626 28.0746
2343 -0.9727 0.2324 -0.0571 -0.1831 0.1831 -0.2441 1.2341 0.0000 2.0000 28.1076
2370 -0.9712 0.2305 -0.0552 -0.2441 0.1221 -0.4578 1.2341 0.0000 2.0000 28.0956
2396 -0.9722 0.2319 -0.0527 -0.3052 0.1831 -0.4272 1.2341 0.0000 2.0000 28.0986
2421 -0.9702 0.2339 -0.0581 -0.1221 0.3662 0.0000 1.2341 0.0000 2.0000 28.0836
2451 -0.9722 0.2329 -0.0576 -0.3662 0.0305 -0.6104 -0.3526 104.7195 -83.5148 28.0866
2479 -0.9731 0.2334 -0.0566 -0.1526 0.1526 -0.2136 -0.3526 0.0000 2.0000 28.0896
2504 -0.9731 0.2319 -0.0557 -0.2441 0.1221 -0.6104 -0.3526 0.0000 2.0000 28.0986
2531 -0.9697 0.2378 -0.0571 -0.0610 0.2441 0.0916 -0.3526 0.0000 2.0000 28.0806
2556 -0.9741 0.2295 -0.0542 -0.3662 0.0000 -0.7019 -0.3526 0.0000 2.0000 28.0686
2582 -0.9736 0.2334 -0.0532 -0.1526 0.1831 -0.1526 0.1763 103.4854 -83.3444 28.0806
2614 -0.9722 0.2329 -0.0586 -0.0610 0.3052 -0.0610 0.1763 0.0000 2.0000 28.0926
2639 -0.9731 0.2324 -0.0581 -0.3662 0.0305 -0.5188 0.1763 0.0000 2.0000 28.0866
2665 -0.9712 0.2344 -0.0527 -0.2441 0.2136 -0.4578 0.1763 0.0000 2.0000 28.1046
2692 -0.9707 0.2314 -0.0576 -0.0610 0.1831 0.0610 0.1763 0.0000 2.0000 28.0896
2717 -0.9736 0.2329 -0.0581 -0.2136 0.0916 -0.3052 1.2341 103.4854 -83.6853 28.0926
2745 -0.9722 0.2329 -0.0527 -0.2136 0.0916 -0.3052 1.2341 0.0000 2.0000 28.0926
2775 -0.9731 0.2334 -0.0557 -0.3052 0.2441 -0.3662 1.2341 0.0000 2.0000 28.0836
2800 -0.9741 0.2334 -0.0562 -0.0305 0.2747 0.1526 1.2341 0.0000 2.0000 28.0896
2826 -0.9736 0.2329 -0.0576 -0.2747 0.1526 -0.5493 -0.1763 104.1906 -83.0035 28.0806
2853 -0.9741 0.2339 -0.0552 -0.1831 0.1831 -0.2136 -0.1763 0.0000 2.0000 28.0656
2880 -0.9717 0.2324 -0.0605 -0.2441 0.1221 -0.3357 -0.1763 0.0000 2.0000 28.0806
2906 -0.9702 0.2324 -0.0581 -0.3052 0.1526 -0.3357 -0.1763 0.0000 2.0000 28.0686
2935 -0.9717 0.2329 -0.0571 -0.1831 0.2136 -0.1526 -0.1763 0.0000 2.0000 28.0896
2961 -0.9722 0.2319 -0.0508 -0.1526 0.0916 -0.3967 1.5867 103.8380 -82.3218 28.0776
2989 -0.9722 0.2319 -0.0547 -0.3052 0.3357 -0.3662 1.5867 0.0000 2.0000 28.1046
3015 -0.9736 0.2324 -0.0562 -0.1221 0.1526 -0.2441 1.5867 0.0000 2.0000 28.0956
3041 -0.9717 0.2344 -0.0547 -0.3052 0.1526 -0.4578 1.5867 0.0000 2.0000 28.0986
3066 -0.9731 0.2334 -0.0576 -0.2441 0.2747 -0.2747 1.5867 0.0000 2.0000 28.0716
3096 -0.9717 0.2329 -0.0527 -0.2136 0.2136 -0.3967 0.3526 104.7195 -82.8331 28.0746
3124 -0.9727 0.2310 -0.0557 -0.1831 0.1221 -0.1831 0.3526 0.0000 2.0000 28.0746
3149 -0.9727 0.2329 -0.0571 -0.2441 0.2441 -0.3967 0.3526 0.0000 2.0000 28.0656
3176 -0.9712 0.2349 -0.0596 -0.2747 0.3052 -0.3052 0.3526 0.0000 2.0000 28.0806
3202 -0.9712 0.2329 -0.0586 -0.2136 0.0305 -0.2441 0.3526 0.0000 2.0000 28.0836
3228 -0.9731 0.2300 -0.0581 -0.3052 0.0916 -0.4578 -0.8815 103.8380 -83.3444 28.0926
3275 -0.9717 0.2334 -0.0586 -0.2747 0.0916 -0.3967 -0.8815 0.0000 2.0000 28.0896
3305 -0.9712 0.2319 -0.0576 -0.2747 0.0610 -0.4272 -0.8815 0.0000 2.0000 28.1106
3332 -0.9722 0.2329 -0.0615 -0.0610 0.3052 0.0305 1.0578 104.0143 -83.5148 28.0836
3358 -0.9712 0.2334 -0.0596 -0.3357 0.1526 -0.3662 1.0578 0.0000 2.0000 28.0926
3385 -0.9722 0.2324 -0.0547 -0.1526 0.0916 -0.2441 1.0578 0.0000 2.0000 28.0956
3410 -0.9741 0.2300 -0.0601 -0.3357 0.2747 -0.4272 1.0578 0.0000 2.0000 28.0836
3437 -0.9727 0.2329 -0.0547 -0.0305 0.2136 -0.0916 1.0578 0.0000 2.0000 28.0746
3466 -0.9731 0.2334 -0.0552 -0.1831 0.0610 -0.4272 1.0578 104.0143 -83.5148 28.0866
3493 -0.9707 0.2329 -0.0566 -0.1221 0.3052 -0.0305 1.0578 0.0000 2.0000 28.0836
3520 -0.9722 0.2324 -0.0557 -0.1526 0.1526 -0.2747 1.0578 0.0000 2.0000 28.0746
3546 -0.9736 0.2334 -0.0576 -0.3357 0.1221 -0.4883 1.0578 0.0000 2.0000 28.0986
3571 -0.9717 0.2324 -0.0576 -0.0916 0.1831 -0.1221 1.0578 0.0000 2.0000 28.0866
3598 -0.9722 0.2349 -0.0557 -0.2747 0.1831 -0.2747 -1.4104 106.1298 -83.1740 28.0836
3629 -0.9722 0.2310 -0.0552 -0.1831 0.1221 -0.3357 -1.4104 0.0000 2.0000 28.0896
3655 -0.9727 0.2305 -0.0532 -0.0916 0.1526 -0.0916 -1.4104 0.0000 2.0000 28.0866
3681 -0.9702 0.2319 -0.0586 -0.2441 0.1221 -0.3967 -1.4104 0.0000 2.0000 28.0776
3706 -0.9722 0.2305 -0.0576 -0.1526 0.1221 -0.1526 -1.4104 0.0000 2.0000 28.0806
3733 -0.9727 0.2324 -0.0552 -0.3052 0.1831 -0.4578 2.1155 104.7195 -84.1966 28.0926
3761 -0.9712 0.2319 -0.0571 -0.1526 0.1831 -0.0305 2.1155 0.0000 2.0000 28.0896
3790 -0.9717 0.2329 -0.0586 -0.2136 0.0305 -0.3967 2.1155 0.0000 2.0000 28.0866
3816 -0.9717 0.2314 -0.0547 -0.3052 0.0305 -0.5188 2.1155 0.0000 2.0000 28.1016
3843 -0.9722 0.2329 -0.0591 -0.1221 0.2441 0.0916 0.7052 104.0143 -83.1740 28.0926
3869 -0.9727 0.2339 -0.0591 -0.2747 0.0916 -0.4578 0.7052 0.0000 2.0000 28.1165
3896 -0.9731 0.2329 -0.0547 -0.2136 0.0610 -0.4272 0.7052 0.0000 2.0000 28.0866
3921 -0.9727 0.2324 -0.0591 -0.0610 0.2747 -0.1831 0.7052 0.0000 2.0000 28.0956
3951 -0.9717 0.2329 -0.0591 -0.2747 0.2136 -0.3662 0.7052 0.0000 2.0000 28.0896
3977 -0.9731 0.2310 -0.0571 -0.2441 -0.0305 -0.4883 0.0000 104.3669 -82.8331 28.0776
4004 -0.9736 0.2329 -0.0557 -0.2136 0.2747 -0.3662 0.0000 0.0000 2.0000 28.0746
4031 -0.9702 0.2329 -0.0596 0.0305 0.2747 0.1221 0.0000 0.0000 2.0000 28.0866
4057 -0.9717 0.2339 -0.0591 -0.2136 -0.0305 -0.4883 0.0000 0.0000 2.0000 28.0926
4082 -0.9736 0.2334 -0.0547 -0.2747 0.0610 -0.4883 0.0000 0.0000 2.0000 28.0776
4112 -0.9722 0.2310 -0.0562 -0.0916 0.3357 -0.0305 -0.1763 102.7802 -83.6853 28.1016
4140 -0.9717 0.2324 -0.0557 -0.3662 0.0305 -0.5188 -0.1763 0.0000 2.0000 28.0866
4165 -0.9717 0.2329 -0.0562 -0.0916 0.1526 -0.3052 -0.1763 0.0000 2.0000 28.1046
4192 -0.9727 0.2334 -0.0566 -0.1831 0.1221 -0.3357 -0.1763 0.0000 2.0000 28.0986
4217 -0.9688 0.2324 -0.0620 -0.1831 0.2747 -0.1221 -0.1763 0.0000 2.0000 28.0716
4244 -0.9702 0.2334 -0.0581 -0.2136 0.2136 -0.1221 -0.1763 105.6009 -83.3444 28.0746
4272 -0.9717 0.2329 -0.0562 -0.3357 0.0916 -0.6714 -0.1763 0.0000 2.0000 28.0956
4301 -0.9731 0.2300 -0.0557 -0.1221 0.2136 -0.1221 -0.1763 0.0000 2.0000 28.0836
4327 -0.9697 0.2344 -0.0605 -0.3357 0.0610 -0.3357 -0.1763 0.0000 2.0000 28.0686
4354 -0.9702 0.2329 -0.0547 -0.1831 0.2136 -0.1526 -0.1763 102.7802 -83.6853 28.1106
4381 -0.9736 0.2305 -0.0532 -0.1831 0.0916 -0.3967 -0.1763 0.0000 2.0000 28.0986
4407 -0.9722 0.2329 -0.0552 -0.3052 0.2136 -0.4272 -0.1763 0.0000 2.0000 28.0926
4433 -0.9707 0.2324 -0.0586 -0.0916 0.2441 0.0610 -0.1763 0.0000 2.0000 28.1046
4576 -0.9702 0.2310 -0.0581 -0.2136 0.1221 -0.2136 0.8815 103.4854 -83.6853 28.0926
4803 -0.9727 0.2334 -0.0557 -0.1221 0.2441 -0.0305 -0.7052 104.3669 -82.8331 28.1016
4993 -0.9717 0.2334 -0.0586 -0.0916 0.1221 -0.0610 0.0000 104.0143 -82.4922 28.0866
5020 -0.9736 0.2319 -0.0566 -0.1221 0.1221 -0.2441 0.0000 0.0000 2.0000 28.0926
5046 -0.9736 0.2324 -0.0586 -0.3052 0.1831 -0.5188 0.0000 0.0000 2.0000 28.0896
5071 -0.9712 0.2319 -0.0596 -0.0610 0.3052 -0.0305 0.0000 0.0000 2.0000 28.0866
5110 -0.9736 0.2329 -0.0615 -0.0610 0.1831 -0.0610 -1.2341 103.8380 -84.7079 28.1106
5138 -0.9717 0.2319 -0.0576 -0.2136 0.1526 -0.5188 -1.2341 0.0000 2.0000 28.0926
5164 -0.9692 0.2329 -0.0581 -0.0305 0.2136 -0.0916 -1.2341 0.0000 2.0000 28.0866
5190 -0.9707 0.2310 -0.0566 -0.2441 0.1221 -0.3967 -1.2341 0.0000 2.0000 28.1165
5216 -0.9702 0.2329 -0.0566 -0.2136 0.1831 -0.1831 -1.2341 0.0000 2.0000 28.0776
5241 -0.9731 0.2329 -0.0566 -0.1221 0.1221 -0.2136 0.0000 104.7195 -84.1966 28.0746
5272 -0.9717 0.2310 -0.0557 -0.2441 0.1221 -0.4578 0.0000 0.0000 2.0000 28.0926
5299 -0.9722 0.2329 -0.0547 -0.1221 0.1526 -0.0916 0.0000 0.0000 2.0000 28.0926
5324 -0.9702 0.2329 -0.0591 -0.2747 0.0916 -0.3357 0.0000 0.0000 2.0000 28.0926
5373 -0.9712 0.2314 -0.0518 -0.2441 -0.0305 -0.3662 1.2341 103.1328 -83.3444 28.0836
5402 -0.9717 0.2319 -0.0586 -0.1221 0.2136 -0.1526 1.2341 0.0000 2.0000 28.0896
5428 -0.9707 0.2349 -0.0581 -0.0916 0.0916 -0.1526 1.2341 0.0000 2.0000 28.1076
5457 -0.9722 0.2319 -0.0542 -0.4578 0.0916 -0.8850 1.2341 0.0000 2.0000 28.1016
5483 -0.9717 0.2300 -0.0508 0.0000 0.2747 0.1221 1.2341 0.0000 2.0000 28.0896
5509 -0.9712 0.2339 -0.0645 0.0305 0.2747 0.3357 0.3526 104.3669 -83.1740 28.0896
5536 -0.9717 0.2314 -0.0562 -0.6409 -0.0916 -1.4343 0.3526 0.0000 2.0000 28.0866
5562 -0.9731 0.2329 -0.0503 -0.0916 0.0610 -0.3662 0.3526 0.0000 2.0000 28.0926
5587 -0.9712 0.2324 -0.0610 0.0916 0.5493 0.6409 0.3526 0.0000 2.0000 28.0956
5617 -0.9707 0.2339 -0.0605 -0.2747 -0.1221 -0.4272 -0.7052 103.3091 -82.4922 28.1076
5645 -0.9751 0.2290 -0.0493 -0.5798 -0.0610 -1.0376 -0.7052 0.0000 2.0000 28.0746
5670 -0.9712 0.2310 -0.0649 0.1526 0.7019 0.8850 -0.7052 0.0000 2.0000 28.0986
5696 -0.9722 0.2339 -0.0645 -0.1831 0.1221 -0.2747 -0.7052 0.0000 2.0000 28.0806
5723 -0.9717 0.2314 -0.0493 -0.6104 -0.3052 -1.4648 -0.7052 0.0000 2.0000 28.0596
5748 -0.9736 0.2319 -0.0527 0.0610 0.3967 0.2441 -0.1763 104.8958 -84.3670 28.0926
5779 -0.9692 0.2349 -0.0640 -0.1221 0.1831 -0.1221 -0.1763 0.0000 2.0000 28.0986
5806 -0.9707 0.2324 -0.0532 -0.5493 -0.3052 -1.2817 -0.1763 0.0000 2.0000 28.1135
5831 -0.9741 0.2319 -0.0562 -0.0610 0.2747 -0.0305 -0.1763 0.0000 2.0000 28.0836
5857 -0.9707 0.2344 -0.0610 0.1526 0.4883 0.5798 -0.1763 0.0000 2.0000 28.0926
5883 -0.9712 0.2334 -0.0591 -0.2747 -0.0610 -0.7019 0.1763 103.1328 -83.6853 28.1046
5911 -0.9736 0.2314 -0.0518 -0.4578 -0.0916 -0.8240 0.1763 0.0000 2.0000 28.0956
5937 -0.9707 0.2319 -0.0591 0.0916 0.4883 0.6104 0.1763 0.0000 2.0000 28.0956
5960 -0.9712 0.2329 -0.0635 -0.3967 0.0000 -0.5493 0.1763 0.0000 2.0000 28.1076
5986 -0.9702 0.2349 -0.0542 -0.1831 -0.0610 -0.5798 0.1763 0.0000 2.0000 28.1076
6012 -0.9727 0.2339 -0.0518 -0.2747 0.2136 -0.3662 -1.0578 104.3669 -83.1740 28.0866
6039 -0.9697 0.2349 -0.0591 -0.1221 0.1526 0.0916 -1.0578 0.0000 2.0000 28.0776
6066 -0.9731 0.2324 -0.0566 -0.2441 0.0916 -0.4272 -1.0578 0.0000 2.0000 28.0956
6091 -0.9717 0.2314 -0.0571 -0.3052 0.0916 -0.5188 -1.0578 0.0000 2.0000 28.1016
6121 -0.9731 0.2334 -0.0596 -0.2136 0.3052 0.0000 -1.0578 0.0000 2.0000 28.0956
6147 -0.9717 0.2319 -0.0562 -0.0610 0.2136 -0.1526 -0.1763 105.6009 -84.0261 28.0896
6174 -0.9717 0.2339 -0.0591 -0.3357 0.0305 -0.7324 -0.1763 0.0000 2.0000 28.1106
6200 -0.9722 0.2324 -0.0562 0.0000 0.1221 0.0000 -0.1763 0.0000 2.0000 28.0956
6226 -0.9722 0.2319 -0.0610 -0.1221 0.3357 -0.1831 -0.1763 0.0000 2.0000 28.1076
6252 -0.9702 0.2334 -0.0591 -0.1526 0.0610 -0.3052 -1.2341 104.5432 -81.9809 28.0986
6283 -0.9727 0.2285 -0.0547 -0.2441 0.1221 -0.5493 -1.2341 0.0000 2.0000 28.0866
6308 -0.9727 0.2319 -0.0547 -0.1221 0.2441 0.0610 -1.2341 0.0000 2.0000 28.0956
6335 -0.9722 0.2334 -0.0601 -0.2136 0.0916 -0.4272 -1.2341 0.0000 2.0000 28.0836
6361 -0.9712 0.2314 -0.0537 -0.3967 0.0610 -0.7019 -1.2341 0.0000 2.0000 28.0836
6387 -0.9707 0.2334 -0.0552 -0.0610 0.1831 0.0000 -1.2341 103.8380 -83.0035 28.0986
6414 -0.9731 0.2305 -0.0601 -0.1831 0.2441 -0.4272 -1.2341 0.0000 2.0000 28.1225
6444 -0.9712 0.2339 -0.0537 -0.3052 0.0916 -0.5493 -1.2341 0.0000 2.0000 28.0956
6469 -0.9707 0.2319 -0.0542 -0.0610 0.2441 0.0610 -1.2341 0.0000 2.0000 28.0926
6496 -0.9712 0.2319 -0.0601 -0.2136 0.3052 -0.3967 -1.2341 0.0000 2.0000 28.0896
6521 -0.9731 0.2305 -0.0547 -0.3357 0.0916 -0.4272 1.0578 104.0143 -83.8557 28.1016
6549 -0.9717 0.2290 -0.0547 -0.3052 0.1831 -0.1831 1.0578 0.0000 2.0000 28.0986
6575 -0.9707 0.2349 -0.0581 -0.1831 0.2441 -0.0610 1.0578 0.0000 2.0000 28.1076
6604 -0.9717 0.2319 -0.0581 -0.2136 0.0610 -0.3967 1.0578 0.0000 2.0000 28.0836
6630 -0.9712 0.2324 -0.0591 -0.1831 0.3052 -0.3052 -0.3526 104.0143 -83.8557 28.1135
6658 -0.9727 0.2329 -0.0557 -0.1831 0.0610 -0.1221 -0.3526 0.0000 2.0000 28.1016
6684 -0.9731 0.2334 -0.0552 -0.2747 0.1526 -0.4883 -0.3526 0.0000 2.0000 28.1135
6710 -0.9702 0.2324 -0.0571 -0.0916 0.1526 0.0305 -0.3526 0.0000 2.0000 28.0806
6735 -0.9722 0.2329 -0.0557 -0.2136 0.0916 -0.3052 -0.3526 0.0000 2.0000 28.0986
6765 -0.9697 0.2319 -0.0576 -0.2441 0.2136 -0.5188 -0.8815 104.5432 -83.6853 28.0986
6793 -0.9727 0.2324 -0.0571 -0.1221 0.1831 -0.1221 -0.8815 0.0000 2.0000 28.0866
6819 -0.9736 0.2324 -0.0562 -0.3052 0.1526 -0.4883 -0.8815 0.0000 2.0000 28.1076
6845 -0.9722 0.2324 -0.0557 -0.1221 0.1221 -0.3052 -0.8815 0.0000 2.0000 28.1046
6872 -0.9692 0.2324 -0.0552 -0.1221 0.1221 -0.3052 -0.8815 0.0000 2.0000 28.0836
6897 -0.9717 0.2344 -0.0566 -0.1526 0.1221 -0.2441 -0.5289 104.5432 -84.0261 28.0896
6928 -0.9731 0.2319 -0.0576 -0.2136 0.1221 -0.3052 -0.5289 0.0000 2.0000 28.1106
6974 -0.9727 0.2319 -0.0552 -0.1526 0.0610 -0.1831 -0.5289 0.0000 2.0000 28.0956
7000 -0.9707 0.2314 -0.0571 -0.3052 0.0000 -0.4578 -0.5289 0.0000 2.0000 28.0956
7026 -0.9722 0.2319 -0.0547 -0.1221 0.1526 -0.2136 0.5289 103.1328 -83.6853 28.0866
7054 -0.9712 0.2295 -0.0557 -0.2136 0.1221 -0.3052 0.5289 0.0000 2.0000 28.1106
7079 -0.9722 0.2329 -0.0605 -0.2441 0.1526 -0.4883 0.5289 0.0000 2.0000 28.1046
7109 -0.9717 0.2324 -0.0557 -0.0916 0.2136 -0.2136 0.5289 0.0000 2.0000 28.0836
7135 -0.9712 0.2324 -0.0566 -0.2441 0.2441 -0.4883 0.5289 0.0000 2.0000 28.0716
7160 -0.9712 0.2314 -0.0552 -0.0916 0.1221 -0.3662 0.0000 104.0143 -83.8557 28.1106
7188 -0.9727 0.2324 -0.0562 -0.3662 0.1221 -0.7019 0.0000 0.0000 2.0000 28.0836
7214 -0.9707 0.2329 -0.0586 -0.2136 0.0610 -0.3357 0.0000 0.0000 2.0000 28.1016
7240 -0.9731 0.2305 -0.0596 -0.1831 0.0916 -0.3662 0.0000 0.0000 2.0000 28.0866
7266 -0.9712 0.2339 -0.0581 -0.3052 0.2441 -0.3662 1.2341 104.5432 -83.0035 28.1076
7297 -0.9722 0.2314 -0.0562 -0.1221 0.2136 -0.1221 1.2341 0.0000 2.0000 28.0956
7323 -0.9722 0.2319 -0.0518 -0.3052 0.1831 -0.4883 1.2341 0.0000 2.0000 28.1016
7349 -0.9736 0.2339 -0.0581 -0.2136 0.3052 -0.2441 1.2341 0.0000 2.0000 28.1016
7374 -0.9722 0.2314 -0.0605 -0.1831 0.0916 -0.2747 1.2341 0.0000 2.0000 28.0956
7401 -0.9712 0.2319 -0.0532 -0.2136 0.1526 -0.2747 -0.3526 103.6617 -83.5148 28.0866
7429 -0.9727 0.2324 -0.0571 -0.0916 0.1221 -0.2136 -0.3526 0.0000 2.0000 28.1135
7457 -0.9707 0.2314 -0.0571 -0.2747 0.1221 -0.4578 -0.3526 0.0000 2.0000 28.0926
7484 -0.9717 0.2329 -0.0581 -0.1831 0.1221 -0.2747 -0.3526 0.0000 2.0000 28.0956
7510 -0.9717 0.2300 -0.0571 -0.2747 0.0305 -0.3662 -0.3526 0.0000 2.0000 28.0926
7536 -0.9722 0.2324 -0.0562 -0.2747 0.2136 -0.3662 0.1763 103.8380 -83.6853 28.0986
7563 -0.9717 0.2339 -0.0596 -0.1831 0.2747 -0.1526 0.1763 0.0000 2.0000 28.0926
7589 -0.9736 0.2314 -0.0615 -0.2441 0.1526 -0.3967 0.1763 0.0000 2.0000 28.1016
7618 -0.9717 0.2300 -0.0571 -0.2136 0.1221 -0.3052 0.1763 0.0000 2.0000 28.0866
7645 -0.9731 0.2334 -0.0542 -0.2747 0.1831 -0.3967 0.1763 0.0000 2.0000 28.1165
7670 -0.9707 0.2319 -0.0547 -0.2441 0.1831 -0.3052 -0.1763 104.8958 -84.0261 28.0986
7698 -0.9717 0.2324 -0.0547 -0.2136 0.1526 -0.2441 -0.1763 0.0000 2.0000 28.1106
7725 -0.9717 0.2314 -0.0596 -0.2441 0.2136 -0.3357 -0.1763 0.0000 2.0000 28.1225
7750 -0.9717 0.2314 -0.0586 -0.1831 0.1831 -0.3052 -0.1763 0.0000 2.0000 28.1106
7780 -0.9717 0.2339 -0.0532 -0.2747 0.0916 -0.4272 -0.1763 104.1906 -84.3670 28.0986
7808 -0.9727 0.2329 -0.0562 -0.1526 0.1831 -0.1831 -0.1763 0.0000 2.0000 28.0896
7833 -0.9731 0.2310 -0.0581 -0.1221 0.1221 -0.1221 -0.1763 0.0000 2.0000 28.0986
7860 -0.9707 0.2300 -0.0571 -0.2136 0.0916 -0.3967 -0.1763 0.0000 2.0000 28.0866
7885 -0.9717 0.2329 -0.0566 -0.1526 0.1221 -0.1221 -0.1763 0.0000 2.0000 28.1195
7912 -0.9722 0.2319 -0.0576 -0.3357 0.1526 -0.5188 0.0000 105.0721 -83.5148 28.1046
7943 -0.9717 0.2329 -0.0576 -0.2136 0.1831 -0.2136 0.0000 0.0000 2.0000 28.1016
7968 -0.9707 0.2329 -0.0581 -0.0916 0.1221 -0.0916 0.0000 0.0000 2.0000 28.0686
7994 -0.9722 0.2324 -0.0581 -0.0916 0.0916 -0.3357 0.0000 0.0000 2.0000 28.0926
8020 -0.9727 0.2339 -0.0566 -0.1526 0.3052 -0.0305 0.0000 0.0000 2.0000 28.0926
8046 -0.9727 0.2319 -0.0576 -0.2747 0.1526 -0.3662 -0.1763 103.8380 -84.7079 28.0926
8074 -0.9707 0.2324 -0.0527 -0.1221 0.1831 -0.2136 -0.1763 0.0000 2.0000 28.0926
8103 -0.9717 0.2314 -0.0557 -0.1526 0.1221 -0.2441 -0.1763 0.0000 2.0000 28.1016
8129 -0.9712 0.2324 -0.0547 -0.1526 0.1526 -0.2136 -0.1763 0.0000 2.0000 28.1106
8156 -0.9727 0.2324 -0.0581 -0.1221 0.0916 -0.0610 -0.5289 104.8958 -83.3444 28.0986
8183 -0.9707 0.2329 -0.0566 -0.3052 0.1526 -0.4578 -0.5289 0.0000 2.0000 28.1106
8209 -0.9717 0.2324 -0.0547 -0.0916 0.3052 -0.0610 -0.5289 0.0000 2.0000 28.1076
8236 -0.9707 0.2334 -0.0581 -0.1831 -0.0305 -0.3662 -0.5289 0.0000 2.0000 28.0986
8264 -0.9731 0.2300 -0.0581 -0.3357 0.2441 -0.6714 -0.5289 0.0000 2.0000 28.1106
8291 -0.9727 0.2314 -0.0527 -0.1526 0.1221 -0.2136 -0.3526 104.0143 -84.1966 28.0896
8318 -0.9727 0.2305 -0.0591 -0.3052 0.2747 -0.4883 -0.3526 0.0000 2.0000 28.1046
8344 -0.9717 0.2319 -0.0576 -0.2136 0.1831 -0.3662 -0.3526 0.0000 2.0000 28.0866
8371 -0.9717 0.2324 -0.0571 -0.2136 0.3357 -0.3357 -0.3526 0.0000 2.0000 28.0956
8396 -0.9712 0.2324 -0.0562 -0.2441 0.2747 -0.3357 -0.3526 0.0000 2.0000 28.1076
8423 -0.9717 0.2354 -0.0557 -0.2136 0.1526 -0.3967 -1.4104 104.3669 -83.5148 28.1076
8454 -0.9697 0.2310 -0.0513 -0.1831 0.1831 -0.3052 -1.4104 0.0000 2.0000 28.0956
8479 -0.9707 0.2329 -0.0576 -0.1831 0.0916 -0.0916 -1.4104 0.0000 2.0000 28.1016
8506 -0.9717 0.2314 -0.0562 -0.3052 0.0916 -0.3967 -1.4104 0.0000 2.0000 28.0866
8531 -0.9717 0.2339 -0.0566 -0.1526 0.1221 -0.2441 -1.4104 0.0000 2.0000 28.1076
8579 -0.9702 0.2334 -0.0542 -0.2441 0.2747 -0.3357 0.7052 102.9565 -84.1966 28.0986
8606 -0.9712 0.2305 -0.0571 -0.2136 0.1526 -0.2441 0.7052 0.0000 2.0000 28.0986
8636 -0.9702 0.2314 -0.0591 -0.2747 0.1526 -0.3357 0.7052 0.0000 2.0000 28.1195
8662 -0.9702 0.2324 -0.0581 -0.0916 0.1526 -0.1831 1.0578 104.7195 -82.1513 28.0956
8689 -0.9722 0.2324 -0.0566 -0.0916 0.1221 -0.2136 1.0578 0.0000 2.0000 28.1076
8716 -0.9722 0.2329 -0.0586 -0.1831 0.1526 -0.2441 1.0578 0.0000 2.0000 28.0836
8741 -0.9727 0.2329 -0.0596 -0.0610 0.1831 -0.2136 1.0578 0.0000 2.0000 28.0956
8768 -0.9707 0.2344 -0.0566 -0.2747 0.3052 -0.3662 1.0578 0.0000 2.0000 28.1076
8797 -0.9731 0.2334 -0.0552 -0.1221 0.1526 -0.1221 0.0000 103.3091 -84.5375 28.0896
8824 -0.9722 0.2329 -0.0576 -0.1831 0.1526 -0.3052 0.0000 0.0000 2.0000 28.1016
8850 -0.9722 0.2300 -0.0552 -0.1831 0.1831 -0.1526 0.0000 0.0000 2.0000 28.1225
8877 -0.9712 0.2354 -0.0596 -0.1526 0.1221 -0.2441 0.0000 0.0000 2.0000 28.0926
8902 -0.9727 0.2314 -0.0586 -0.2747 0.2136 -0.3052 0.0000 0.0000 2.0000 28.0866
8929 -0.9736 0.2339 -0.0552 -0.1526 0.0916 -0.0916 -0.8815 104.1906 -83.6853 28.0926
8960 -0.9746 0.2305 -0.0566 -0.3357 0.2136 -0.4272 -0.8815 0.0000 2.0000 28.1046
8985 -0.9722 0.2314 -0.0591 -0.1831 0.1526 -0.1831 -0.8815 0.0000 2.0000 28.0956
9012 -0.9712 0.2300 -0.0576 -0.2136 0.1221 -0.2441 -0.8815 0.0000 2.0000 28.0986
9037 -0.9722 0.2314 -0.0557 -0.2441 0.1526 -0.3967 -0.8815 0.0000 2.0000 28.0956
9064 -0.9712 0.2339 -0.0566 -0.1221 0.1221 -0.1831 -0.3526 104.7195 -82.8331 28.1165
9092 -0.9717 0.2324 -0.0576 -0.1831 0.1221 -0.4578 -0.3526 0.0000 2.0000 28.0866
9121 -0.9717 0.2329 -0.0596 -0.1526 0.2136 -0.3967 -0.3526 0.0000 2.0000 28.1315
9147 -0.9707 0.2319 -0.0576 -0.1831 0.1526 -0.3052 -0.3526 0.0000 2.0000 28.0986
9174 -0.9712 0.2314 -0.0605 -0.2441 0.2136 -0.3967 0.0000 104.7195 -82.8331 28.0986
9200 -0.9712 0.2334 -0.0576 -0.2441 0.1831 -0.2747 0.0000 0.0000 2.0000 28.0986
9227 -0.9731 0.2295 -0.0552 -0.3357 0.0610 -0.4883 0.0000 0.0000 2.0000 28.1135
9252 -0.9731 0.2334 -0.0591 -0.1526 0.2441 -0.0610 0.0000 0.0000 2.0000 28.1106
9282 -0.9717 0.2339 -0.0581 -0.1526 0.0916 -0.2747 0.0000 0.0000 2.0000 28.1106
9308 -0.9717 0.2334 -0.0552 -0.2441 0.2136 -0.4883 0.0000 103.6617 -83.1740 28.1076
9335 -0.9727 0.2319 -0.0601 -0.0916 0.1221 -0.1526 0.0000 0.0000 2.0000 28.1195
9362 -0.9727 0.2319 -0.0581 -0.2441 0.1526 -0.4272 0.0000 0.0000 2.0000 28.1195
9388 -0.9707 0.2319 -0.0581 -0.2441 0.0610 -0.3052 0.0000 0.0000 2.0000 28.0956
9413 -0.9736 0.2314 -0.0557 -0.1831 0.1526 -0.3357 0.0000 0.0000 2.0000 28.1106
9443 -0.9707 0.2319 -0.0547 -0.2441 0.2747 -0.2747 0.5289 102.4276 -83.6853 28.0926
9470 -0.9712 0.2334 -0.0571 -0.1831 0.1526 -0.2747 0.5289 0.0000 2.0000 28.1076
9496 -0.9717 0.2324 -0.0576 -0.3052 0.1831 -0.4578 0.5289 0.0000 2.0000 28.0926
9523 -0.9712 0.2349 -0.0596 -0.1221 0.0916 -0.1221 0.5289 0.0000 2.0000 28.1016
9548 -0.9707 0.2334 -0.0552 -0.2136 0.1221 -0.3662 -1.5867 104.1906 -83.3444 28.0836
9576 -0.9702 0.2349 -0.0537 -0.1526 0.1526 -0.2136 -1.5867 0.0000 2.0000 28.0956
9603 -0.9736 0.2329 -0.0562 -0.1526 0.0916 -0.3967 -1.5867 0.0000 2.0000 28.1076
9632 -0.9717 0.2329 -0.0591 -0.1831 0.0916 -0.3052 -1.5867 0.0000 2.0000 28.1046
9658 -0.9712 0.2319 -0.0586 -0.1526 0.0916 -0.1221 -1.5867 0.0000 2.0000 28.1165
9684 -0.9722 0.2334 -0.0552 -0.3662 0.0610 -0.5493 -1.2341 104.8958 -82.6626 28.0926
9712 -0.9702 0.2329 -0.0542 -0.1831 0.1526 -0.0610 -1.2341 0.0000 2.0000 28.1135
9738 -0.9736 0.2339 -0.0562 -0.1831 0.1831 -0.2747 -1.2341 0.0000 2.0000 28.0956
9764 -0.9717 0.2319 -0.0566 -0.2441 0.1831 -0.5188 -1.2341 0.0000 2.0000 28.0866
9794 -0.9731 0.2324 -0.0586 -0.2747 0.2441 -0.3357 -1.2341 0.0000 2.0000 28.1135
9820 -0.9736 0.2324 -0.0518 -0.1526 0.0610 -0.3357 -0.3526 103.3091 -83.5148 28.0896
9847 -0.9727 0.2324 -0.0581 -0.1526 0.1526 -0.1831 -0.3526 0.0000 2.0000 28.1016
9874 -0.9727 0.2324 -0.0566 -0.2136 0.1221 -0.3052 -0.3526 0.0000 2.0000 28.1016
9900 -0.9712 0.2329 -0.0552 -0.2441 0.2136 -0.2747 -0.3526 0.0000 2.0000 28.1195
9926 -0.9736 0.2319 -0.0552 -0.0916 0.1831 -0.1831 -0.3526 0.0000 2.0000 28.0956
9956 -0.9736 0.2339 -0.0547 -0.3662 0.1221 -0.5798 -0.5289 102.7802 -81.9809 28.0926
9984 -0.9712 0.2354 -0.0586 -0.1526 0.1526 -0.1526 -0.5289 0.0000 2.0000 28.1255
10009 -0.9736 0.2339 -0.0576 -0.1221 0.0916 -0.2136 -0.5289 0.0000 2.0000 28.1046
10036 -0.9727 0.2354 -0.0591 -0.2441 0.1526 -0.3052 -0.5289 0.0000 2.0000 28.1016
10061 -0.9717 0.2334 -0.0581 -0.2747 0.1221 -0.3357 0.7052 104.7195 -84.1966 28.1016
10089 -0.9707 0.2329 -0.0557 -0.1831 0.1526 -0.3357 0.7052 0.0000 2.0000 28.0956
10119 -0.9717 0.2324 -0.0557 -0.1221 0.1526 -0.1831 0.7052 0.0000 2.0000 28.1135
10155 -0.9722 0.2310 -0.0576 -0.2136 0.0916 -0.3967 0.7052 0.0000 2.0000 28.1016
10191 -0.9731 0.2334 -0.0586 -0.0916 0.0610 -0.0610 0.7052 103.3091 -83.1740 28.0896
10219 -0.9697 0.2329 -0.0581 -0.2441 0.1221 -0.4578 0.7052 0.0000 2.0000 28.0926
10246 -0.9731 0.2339 -0.0552 -0.2441 0.0305 -0.4272 0.7052 0.0000 2.0000 28.1255
10271 -0.9722 0.2319 -0.0532 -0.0916 0.2747 -0.2136 0.7052 0.0000 2.0000 28.1076
10417 -0.9722 0.2324 -0.0537 -0.2747 0.0610 -0.6104 -0.8815 103.8380 -83.0035 28.1135
10645 -0.9707 0.2319 -0.0566 -0.2441 0.1831 -0.3662 0.0000 104.7195 -82.8331 28.1046
10833 -0.9722 0.2349 -0.0542 -0.1526 0.0916 -0.0305 -0.7052 104.0143 -83.8557 28.1195
10861 -0.9717 0.2334 -0.0562 -0.2136 0.1526 -0.3662 -0.7052 0.0000 2.0000 28.0986
10887 -0.9727 0.2319 -0.0557 -0.1831 0.0916 -0.1831 -0.7052 0.0000 2.0000 28.0986
10913 -0.9722 0.2344 -0.0557 -0.1526 0.1831 -0.2441 -0.7052 0.0000 2.0000 28.1076
10942 -0.9702 0.2310 -0.0576 -0.2441 0.0610 -0.4272 -0.7052 0.0000 2.0000 28.0986
10969 -0.9717 0.2334 -0.0571 -0.2747 0.1526 -0.1526 0.1763 103.4854 -84.0261 28.1046
10996 -0.9722 0.2305 -0.0576 -0.2747 0.1831 -0.3357 0.1763 0.0000 2.0000 28.1135
11022 -0.9717 0.2329 -0.0562 -0.2136 0.0610 -0.3662 0.1763 0.0000 2.0000 28.1195
11047 -0.9731 0.2319 -0.0601 -0.3357 0.1526 -0.5798 0.1763 0.0000 2.0000 28.0926
11074 -0.9707 0.2300 -0.0605 -0.1526 0.1831 -0.2136 0.1763 104.8958 -83.0035 28.1165
11105 -0.9727 0.2310 -0.0596 -0.2136 0.1526 -0.4883 0.1763 0.0000 2.0000 28.1106
11130 -0.9731 0.2310 -0.0562 -0.2747 0.2136 -0.3357 0.1763 0.0000 2.0000 28.0956
11157 -0.9722 0.2305 -0.0586 -0.1221 0.3052 -0.1831 0.1763 0.0000 2.0000 28.1255
11183 -0.9707 0.2295 -0.0542 -0.2136 0.1221 -0.5798 0.1763 0.0000 2.0000 28.0986
11209 -0.9717 0.2334 -0.0576 -0.3052 0.1831 -0.5188 0.1763 105.2484 -83.3444 28.1195
11236 -0.9727 0.2310 -0.0566 -0.0610 0.0305 0.0000 0.1763 0.0000 2.0000 28.1135
11266 -0.9741 0.2329 -0.0547 -0.2441 0.1831 -0.3967 0.1763 0.0000 2.0000 28.1046
11291 -0.9722 0.2300 -0.0591 -0.1831 0.1831 -0.4272 0.1763 0.0000 2.0000 28.1165
11318 -0.9722 0.2319 -0.0566 -0.3052 0.1831 -0.4578 0.1763 0.0000 2.0000 28.0956
11343 -0.9722 0.2329 -0.0581 -0.0916 0.2747 -0.1221 -0.8815 104.5432 -83.0035 28.1225
11371 -0.9731 0.2324 -0.0586 -0.1526 0.1221 -0.2136 -0.8815 0.0000 2.0000 28.1225
11398 -0.9727 0.2319 -0.0562 -0.2747 0.0610 -0.4272 -0.8815 0.0000 2.0000 28.1195
11426 -0.9722 0.2324 -0.0576 -0.1831 0.2441 -0.2747 -0.8815 0.0000 2.0000 28.1076
11453 -0.9731 0.2329 -0.0610 -0.3662 0.1221 -0.3357 -0.3526 105.0721 -83.5148 28.1046
11481 -0.9717 0.2314 -0.0562 -0.1831 0.0305 -0.2441 -0.3526 0.0000 2.0000 28.1165
11506 -0.9736 0.2324 -0.0576 -0.2441 0.1221 -0.2747 -0.3526 0.0000 2.0000 28.1076
11533 -0.9722 0.2334 -0.0576 -0.1526 0.3357 -0.1221 -0.3526 0.0000 2.0000 28.1315
11558 -0.9336 0.1870 -0.1851 -14.8926 -9.2773 -29.5410 -0.3526 0.0000 2.0000 28.1106
11588 -0.9795 -0.0117 -0.0762 -9.2163 3.7231 -48.9807 1.0578 103.6617 -83.8557 28.1225
11616 -0.9185 0.4292 -0.1309 26.0010 3.3875 -18.2800 1.0578 0.0000 2.0000 28.1106
11642 -0.8857 0.1924 -0.1191 -26.3062 0.2136 -2.2888 1.0578 0.0000 2.0000 28.1225
11668 -0.8926 0.1743 -0.0142 -93.2007 -37.4146 23.2544 1.0578 0.0000 2.0000 28.1195
11695 -1.0562 0.2144 0.1865 -4.7607 27.6489 105.0720 1.0578 0.0000 2.0000 28.1195
11721 -1.0190 0.1919 -0.1333 -94.6045 18.3411 63.2935 -0.7052 103.3091 -84.5375 28.1195
11752 -0.9985 0.2466 -0.0620 -43.8232 23.5901 87.4329 -0.7052 0.0000 2.0000 28.1225
11779 -1.1113 0.1816 0.0146 -8.9111 19.3787 54.0771 -0.7052 0.0000 2.0000 28.1405
11804 -0.8198 0.1968 -0.0293 -30.9448 -0.2136 -40.7104 -0.7052 0.0000 2.0000 28.1345
11831 -0.9092 0.7944 -0.1895 -36.3464 -3.3264 -90.1489 -0.7052 0.0000 2.0000 28.1195
11857 -1.0425 0.0605 -0.0547 -32.6538 -0.9155 -10.7727 -2.9970 103.8380 -85.3896 28.1255
11885 -1.0728 0.1846 -0.0840 -33.4167 -16.4185 -108.7036 -2.9970 0.0000 2.0000 28.1225
11915 -0.7983 0.1992 -0.2202 -24.2920 -32.2266 -85.4797 -2.9970 0.0000 2.0000 28.1076
11941 -0.9692 0.1636 -0.0532 -44.1284 -18.0054 -27.0996 -2.9970 0.0000 2.0000 28.1135
11968 -1.0483 0.0991 0.1040 -34.4238 4.3640 -73.2422 2.4681 104.3669 -83.5148 28.1135
11996 -1.0918 0.0562 -0.0132 -38.4216 -9.4299 -56.9458 2.4681 0.0000 2.0000 28.1615
12022 -0.9194 0.1265 0.0405 -48.0957 -13.7024 -63.3240 2.4681 0.0000 2.0000 28.1076
12049 -1.1343 -0.0117 0.0596 -49.5605 -10.9863 -55.3894 2.4681 0.0000 2.0000 28.1375
12079 -0.5771 -0.3213 -0.1846 -8.2703 -4.1504 20.2332 2.4681 0.0000 2.0000 28.1195
12105 -1.2549 1.2998 0.1299 52.7649 17.9443 110.5042 3.3496 103.8380 -83.3444 28.1285
12133 -1.0576 0.0503 -0.0405 -79.4067 -0.0610 50.5066 3.3496 0.0000 2.0000 28.1195
12158 -1.0850 0.1421 0.0825 -71.3196 -22.1863 -50.0488 3.3496 0.0000 2.0000 28.1255
12185 -1.0918 0.0850 0.0332 -118.0725 -39.3982 -46.4172 3.3496 0.0000 2.0000 28.1345
12212 -1.0791 -0.0225 0.0723 -81.3904 -49.3164 -75.8972 3.3496 0.0000 2.0000 28.1046
12251 -1.1060 0.1138 0.0601 -53.2837 -57.9529 -66.3452 1.0578 104.7195 -82.8331 28.1195
12288 -0.8960 0.0898 -0.0015 -110.6873 -53.2532 -80.7800 1.0578 0.0000 2.0000 28.1315
12314 -0.9487 -0.0439 0.1030 -85.7239 -46.6919 -119.7510 1.0578 0.0000 2.0000 28.1195
12341 -1.0234 -0.0151 0.1812 -76.1108 -45.0134 -127.0447 9.8725 104.3669 -78.0608 28.1375
12368 -1.0903 -0.1382 0.2139 -108.4900 -36.8652 -116.5161 9.8725 0.0000 2.0000 28.1495
12395 -0.9282 -0.2612 0.2441 -126.6174 -42.3279 -98.2971 9.8725 0.0000 2.0000 28.1405
12426 -0.8735 -0.3828 0.2129 -106.6895 -56.8848 -113.1592 9.8725 0.0000 2.0000 28.1465
12452 -0.9492 -0.4575 0.1855 -87.0972 -60.7605 -130.7068 9.8725 0.0000 2.0000 28.1225
12478 -0.8677 -0.5073 0.1777 -81.9092 -19.4397 -88.0127 19.7451 103.6617 -77.0382 28.1315
12507 -0.8945 -0.4600 0.1660 -41.6565 -38.7573 -48.3093 19.7451 0.0000 2.0000 28.1435
12533 -0.9014 -0.4775 0.1274 -43.0603 -52.4902 -91.4307 19.7451 0.0000 2.0000 28.1585
12563 -0.9473 -0.5962 0.2329 -17.0593 -67.9321 -21.3623 19.7451 0.0000 2.0000 28.1465
12590 -0.7163 -0.3335 0.1318 -17.9138 -56.4880 187.8357 19.7451 0.0000 2.0000 28.1495
12616 -0.8394 -0.4756 0.2725 -2.5330 -59.4482 204.5288 16.9244 102.9565 -73.2885 28.1405
12644 -0.4961 -0.1919 0.1543 -5.6763 -54.4434 44.5557 16.9244 0.0000 2.0000 28.1645
12670 -0.9917 -0.3691 0.3682 -30.1514 -52.6428 40.5579 16.9244 0.0000 2.0000 28.1705
12697 -1.1685 -0.6875 0.6108 -30.0903 -74.4019 -95.7642 16.9244 0.0000 2.0000 28.1675
12727 -0.9307 -0.1621 0.3301 0.5493 -79.7119 -16.8762 13.0459 103.3091 -66.8119 28.1405
12754 -0.7583 -0.4175 0.2373 9.6741 -117.0349 -1.0986 13.0459 0.0000 2.0000 28.1585
12781 -0.8623 -0.4888 0.4639 -15.9302 -30.3345 -15.0452 13.0459 0.0000 2.0000 28.1585
12808 -0.7671 -0.3638 0.4248 -0.9766 -69.1528 -21.4844 13.0459 0.0000 2.0000 28.1705
12834 -0.7583 -0.4058 0.3574 -7.3242 -100.1587 10.6812 13.0459 0.0000 2.0000 28.1555
12861 -0.7202 -0.4106 0.4409 -14.0076 -113.8916 16.0217 13.9273 104.5432 -61.1874 28.1645
12892 -0.7622 -0.3511 0.4688 -37.0483 -15.9302 -22.4304 13.9273 0.0000 2.0000 28.1854
12918 -0.7329 -0.3501 0.5015 -25.2686 -86.4868 1.5564 13.9273 0.0000 2.0000 28.1615
12945 -0.7437 -0.3169 0.5815 -25.6042 -25.5432 20.4773 13.9273 0.0000 2.0000 28.1735
12972 -0.7002 -0.4106 0.5288 -10.6201 -35.9192 60.7605 13.9273 0.0000 2.0000 28.1615
12998 -0.6885 -0.5288 0.4878 -32.1655 -104.9500 41.8396 12.8696 102.7802 -54.3699 28.1824
13026 -0.6460 -0.4292 0.6309 -42.3584 -85.1746 35.1257 12.8696 0.0000 2.0000 28.1645
13056 -0.4658 -0.4692 0.5708 -29.3884 -62.3779 43.1824 12.8696 0.0000 2.0000 28.1705
13082 -0.6465 -0.3154 0.8374 33.7830 -107.8796 106.8420 12.8696 0.0000 2.0000 28.1585
13109 -0.5449 -0.4526 0.7822 6.5002 -139.9231 75.4700 9.5200 100.8410 -46.0184 28.1735
13136 -0.5488 -0.5801 0.8394 20.2026 -90.3625 125.2747 9.5200 0.0000 2.0000 28.1794
13163 -0.4634 -0.3086 0.8062 59.4482 -64.2700 106.5063 9.5200 0.0000 2.0000 28.1824
13190 -0.5073 -0.3110 0.7529 58.2275 -50.3540 69.8853 9.5200 0.0000 2.0000 28.1675
13219 -0.5127 -0.1729 0.8027 34.2407 -29.9377 26.4893 9.5200 0.0000 2.0000 28.1735
13246 -0.5396 -0.1904 0.7427 14.3433 -27.5574 68.1763 -0.5289 97.1388 -40.3939 28.1615
13274 -0.5337 -0.0732 0.8638 16.2964 -29.6021 42.0227 -0.5289 0.0000 2.0000 28.1645
13300 -0.6558 0.2251 0.9053 7.4463 -68.1152 71.9299 -0.5289 0.0000 2.0000 28.1974
13326 -0.4858 -0.0522 0.7988 2.6245 -89.7522 95.2454 -0.5289 0.0000 2.0000 28.1705
13352 -0.5083 -0.0601 1.0273 20.5078 -85.8154 82.9468 -0.5289 0.0000 2.0000 28.1645
13382 -0.3882 -0.1812 0.9307 20.0195 -99.9146 78.3386 -8.8148 91.6736 -34.7694 28.2004
13410 -0.2793 -0.2109 0.7246 21.7896 -100.2808 67.0471 -8.8148 0.0000 2.0000 28.2034
13436 -0.3286 0.0410 0.8247 18.4326 -77.6672 93.3533 -8.8148 0.0000 2.0000 28.1974
13463 -0.3076 -0.0430 0.9004 -2.5635 -66.2842 113.8306 -8.8148 0.0000 2.0000 28.1884
13489 -0.3516 0.0752 0.9551 17.8223 -52.8870 109.7412 -16.2192 83.5640 -28.9745 28.1764
13517 -0.3799 0.0801 1.0039 11.3525 -39.4592 113.6169 -16.2192 0.0000 2.0000 28.1794
13547 -0.2686 0.1294 0.9038 0.1526 -43.4265 87.0972 -16.2192 0.0000 2.0000 28.1944
13574 -0.2139 0.1055 0.9355 1.7395 -39.5813 99.7009 -16.2192 0.0000 2.0000 28.1854
13599 -0.1621 0.1162 0.9570 -2.4109 -37.5061 134.4604 -16.2192 0.0000 2.0000 28.1854
13626 -0.1753 0.0933 0.9746 0.2747 -30.2124 112.6404 -21.5080 74.7493 -27.6110 28.1944
13654 -0.0791 0.0957 0.9492 13.1226 -37.9028 130.4626 -21.5080 0.0000 2.0000 28.1854
13683 -0.1475 0.0342 0.9639 19.6533 -32.8674 140.1672 -21.5080 0.0000 2.0000 28.1735
13710 -0.1216 0.1621 0.9595 25.6653 -18.0664 128.9978 -21.5080 0.0000 2.0000 28.1914
13736 -0.0947 0.1670 0.9341 17.6086 -4.0588 88.6841 -25.9154 66.1108 -28.1223 28.1794
13764 -0.0425 0.1543 1.0098 21.5759 -6.1951 65.7349 -25.9154 0.0000 2.0000 28.1914
13791 -0.0278 0.2280 1.0059 27.5879 -6.7139 59.7534 -25.9154 0.0000 2.0000 28.2004
13817 0.0474 0.1343 0.9819 20.8435 -18.4326 66.1926 -25.9154 0.0000 2.0000 28.2094
13847 -0.0010 0.2520 0.9614 17.8528 -16.6626 62.8052 -25.9154 0.0000 2.0000 28.1824
13913 -0.0688 0.2559 0.9214 -5.0964 -15.5334 62.1033 -31.0280 61.7034 -28.9745 28.1914
13941 -0.0952 0.1890 0.9917 0.2747 -12.3596 45.4712 -31.0280 0.0000 2.0000 28.2154
13968 -0.0361 0.2778 0.9229 -8.4229 -16.2048 54.6265 -31.0280 0.0000 2.0000 28.1914
13995 -0.0337 0.1807 0.9268 -17.2729 -9.8877 60.9741 -29.4413 57.2960 -29.4858 28.1944
14022 0.0034 0.2241 0.9302 -6.6528 -12.6038 52.5513 -29.4413 0.0000 2.0000 28.1914
14052 0.0664 0.2388 0.9131 -1.4648 -14.8315 24.5056 -29.4413 0.0000 2.0000 28.2064
14078 0.0605 0.2095 0.9424 0.4883 -4.9744 18.6768 -29.4413 0.0000 2.0000 28.2334
14104 0.0747 0.2412 0.9609 0.0305 3.6011 6.8054 -29.4413 0.0000 2.0000 28.2094
14130 0.0405 0.2310 0.9727 -4.2725 7.8125 7.7209 -30.1465 52.7123 -29.8267 28.2154
14157 0.0430 0.2080 1.0161 -2.4109 0.0610 3.0518 -30.1465 0.0000 2.0000 28.2064
14184 0.0464 0.2285 1.0112 1.1292 -3.5400 6.4697 -30.1465 0.0000 2.0000 28.2064
14213 0.0371 0.2363 1.0142 -0.9460 -5.1575 14.6790 -30.1465 0.0000 2.0000 28.1884
14239 0.0405 0.2485 1.0044 0.1831 -7.2937 14.6179 -30.1465 0.0000 2.0000 28.2034
14266 0.0537 0.2339 0.9878 1.6479 -10.7117 20.3247 -29.9702 51.4783 -29.3154 28.2034
14294 0.0415 0.2480 0.9482 4.7913 -13.1226 11.3220 -29.9702 0.0000 2.0000 28.2094
14319 0.0635 0.2524 0.9224 2.7771 -14.0076 3.9673 -29.9702 0.0000 2.0000 28.1884
14346 0.0684 0.2339 0.9224 1.9226 -11.8408 -5.2185 -29.9702 0.0000 2.0000 28.1884
14371 0.0732 0.2520 0.9292 -3.0212 -9.2468 -8.6365 -29.2650 52.1834 -29.9972 28.2154
14403 0.0732 0.2319 0.9375 -5.3101 -6.3477 -15.1978 -29.2650 0.0000 2.0000 28.2124
14429 0.0693 0.2568 0.9502 -6.1951 -6.5613 -23.1628 -29.2650 0.0000 2.0000 28.2214
14455 0.0801 0.2598 0.9575 -14.6790 -5.4016 -20.4163 -29.2650 0.0000 2.0000 28.2094
14482 0.0864 0.1982 1.0049 -24.4446 -1.0681 -7.2327 -29.2650 0.0000 2.0000 28.1974
14509 -0.0161 0.1187 1.2104 0.7324 -21.3928 -31.9214 -28.0310 52.7123 -28.1223 28.2094
14539 0.0684 0.1729 0.9800 7.7515 -39.4897 -26.9165 -28.0310 0.0000 2.0000 28.2124
14566 0.2217 0.1362 0.9331 1.7395 -41.6870 -43.2434 -28.0310 0.0000 2.0000 28.2124
14593 0.1411 0.1929 0.9546 10.7727 -36.8652 -38.1165 -28.0310 0.0000 2.0000 28.2124
14618 0.1255 0.1997 0.9473 16.8457 -28.5950 -19.8364 -28.0310 0.0000 2.0000 28.2094
14645 0.1587 0.2256 0.9170 18.1274 -22.1558 -25.0854 -31.5569 52.0071 -30.5085 28.2184
14673 0.0400 0.3721 0.8950 -4.4250 1.8005 -32.4707 -31.5569 0.0000 2.0000 28.2124
14702 0.1592 0.2070 0.9473 1.5564 -3.9673 -45.8069 -31.5569 0.0000 2.0000 28.2214
14729 0.0254 0.1577 1.0098 -13.1226 11.3525 -23.7427 -31.5569 0.0000 2.0000 28.2034
14755 0.0674 0.1821 0.9268 -12.1765 7.6599 -20.4163 -30.3228 52.1834 -30.3380 28.2094
14783 0.0898 0.1929 0.9756 -3.3569 -5.4016 -23.1018 -30.3228 0.0000 2.0000 28.2214
14810 0.1104 0.2607 1.0020 5.0354 -20.0195 -20.6909 -30.3228 0.0000 2.0000 28.2214
14836 0.1045 0.2661 0.9917 3.9978 -20.3247 -7.3242 -30.3228 0.0000 2.0000 28.2423
14865 0.1431 0.2798 0.9746 13.8245 -26.2756 -10.1013 -30.3228 0.0000 2.0000 28.2244
14892 0.2051 0.2930 0.9111 19.2566 -29.3579 -1.6785 -31.2043 51.6546 -31.1902 28.2064
14919 0.2310 0.3047 0.8613 32.4707 14.6484 47.9736 -31.2043 0.0000 2.0000 28.2034
14946 0.1406 0.2837 0.9180 27.0386 29.9683 35.7971 -31.2043 0.0000 2.0000 28.2453
14972 0.1240 0.2915 0.9106 24.4446 18.3105 19.6838 -31.2043 0.0000 2.0000 28.2214
14998 0.1460 0.3052 0.9082 12.4207 3.5095 -5.0049 -31.2043 0.0000 2.0000 28.2334
15028 0.1504 0.3013 0.9219 11.0779 -1.3123 -13.3362 -32.9672 52.3597 -31.8720 28.2274
15055 0.1426 0.3369 0.9219 13.0615 -8.1787 -20.8740 -32.9672 0.0000 2.0000 28.2154
15082 0.1636 0.3403 0.9546 10.9558 -16.1133 -25.4211 -32.9672 0.0000 2.0000 28.2453
15109 0.1870 0.3389 0.9736 4.4861 -6.9885 -13.7634 -32.9672 0.0000 2.0000 28.2244
15135 0.1401 0.3110 0.9834 4.2725 -0.5493 -2.5635 -34.2013 51.8309 -32.7242 28.2423
15163 0.1250 0.3589 0.9312 13.4583 -20.9045 -12.3901 -34.2013 0.0000 2.0000 28.2304
15193 0.1670 0.3276 0.9287 7.2327 -20.3552 -15.7776 -34.2013 0.0000 2.0000 28.2513
15219 0.1377 0.2925 0.9937 14.3738 -26.3367 -12.4207 -34.2013 0.0000 2.0000 28.2214
15245 0.2271 0.3389 0.8242 24.3225 -61.5234 14.3738 -34.2013 0.0000 2.0000 28.2334
15271 0.3115 0.5264 0.8623 9.7656 -48.9197 -29.1748 -34.5539 51.1257 -34.0877 28.2393
15299 0.2798 0.3882 0.8750 -10.2234 -29.1138 -29.1748 -34.5539 0.0000 2.0000 28.2244
15326 0.2451 0.3276 0.8877 -15.3198 -23.5596 -34.0271 -34.5539 0.0000 2.0000 28.2513
15356 0.2847 0.3755 0.9434 -14.6484 -16.8457 -29.4189 -34.5539 0.0000 2.0000 28.2214
15382 0.2871 0.3711 0.9824 2.0142 -25.9705 -9.2163 -34.5539 0.0000 2.0000 28.2094
15409 0.3018 0.4546 0.9507 -16.2964 -10.5591 -70.2209 -34.3776 50.5968 -33.9172 28.2423
15436 0.3560 0.4492 0.9331 -29.5410 -2.4719 -69.1833 -34.3776 0.0000 2.0000 28.2453
15463 0.3706 0.4517 0.9678 -28.6255 -2.7771 -69.9158 -34.3776 0.0000 2.0000 28.2483
15490 0.3276 0.4263 0.9844 -25.1160 -23.8037 -31.2500 -34.3776 0.0000 2.0000 28.2453
15540 0.3774 0.2563 1.0376 -75.4395 -7.4463 23.7427 -32.4384 53.2412 -32.7242 28.2244
15567 0.3208 0.2729 1.1309 -46.8445 7.0496 -11.2305 -32.4384 0.0000 2.0000 28.2244
15594 0.3901 0.3525 1.0225 -38.8184 12.1460 7.5684 -32.4384 0.0000 2.0000 28.2274
15620 0.2842 0.4741 0.9297 -22.1863 4.5776 31.3721 -32.4384 0.0000 2.0000 28.2334
15646 0.2148 0.2271 0.9468 -36.8347 18.7073 46.1121 -29.9702 51.8309 -28.9745 28.2573
15674 0.1802 0.3105 0.9780 -36.0413 8.5754 44.1589 -29.9702 0.0000 2.0000 28.2274
15704 0.2031 0.1382 0.9771 -25.4822 -3.6316 37.2620 -29.9702 0.0000 2.0000 28.2483
15730 0.2544 0.1675 0.9438 -8.5754 3.2959 -23.5901 -29.9702 0.0000 2.0000 28.2214
15757 0.2178 0.1582 0.8916 11.5662 15.8081 -79.0405 -29.9702 0.0000 2.0000 28.2274
15783 0.1582 0.2241 0.8237 22.4609 22.2473 -110.6873 -29.4413 52.3597 -29.4858 28.2483
15811 0.2222 0.2100 0.8560 24.8413 25.2991 -52.9785 -29.4413 0.0000 2.0000 28.2453
15838 0.2134 0.1934 0.9063 29.6936 28.8086 -41.5955 -29.4413 0.0000 2.0000 28.2453
15867 0.1763 0.4136 0.9204 22.7966 24.6887 -63.5071 -29.4413 0.0000 2.0000 28.2334
15893 0.1665 0.2480 0.8369 18.4021 11.1084 -69.9158 -30.1465 58.3538 -30.8494 28.2363
15922 0.2051 0.3271 0.8984 -8.2397 21.4233 -67.6880 -30.1465 0.0000 2.0000 28.2184
15947 0.1348 0.3359 0.9131 -6.6528 33.1421 -41.3208 -30.1465 0.0000 2.0000 28.2244
15974 0.1323 0.3442 0.8550 -0.7019 32.4402 -39.5203 -30.1465 0.0000 2.0000 28.2483
16001 0.0420 0.3320 0.8984 -19.4702 42.0532 -41.1377 -30.1465 0.0000 2.0000 28.2453
16143 -0.0439 0.1919 0.9102 -59.5398 45.1050 -23.3459 -28.9124 64.8767 -29.6563 28.2244
16371 -0.2852 -0.0259 1.0713 -24.0784 65.0940 -38.5742 -24.5051 72.8100 -26.0771 28.2393
16562 -0.1489 0.1040 0.9795 -31.5552 8.3008 5.6458 -23.6236 77.2174 -27.2701 28.2393
16589 -0.1987 0.0747 0.9771 -34.6985 8.2397 25.6348 -23.6236 0.0000 2.0000 28.2423
16615 -0.2964 0.0430 1.0122 -46.2036 7.2937 3.5400 -23.6236 0.0000 2.0000 28.2184
16642 -0.2051 0.0254 1.0249 -28.5339 5.7678 -11.9324 -23.6236 0.0000 2.0000 28.2453
16680 -0.2017 0.0522 0.9819 -24.3530 19.0125 29.9072 -21.1554 77.5700 -26.9293 28.2363
16708 -0.1782 0.0850 0.9536 -19.1956 10.8643 16.6931 -21.1554 0.0000 2.0000 28.2423
16735 -0.2275 0.0161 0.9736 -24.0784 12.1155 6.8054 -21.1554 0.0000 2.0000 28.2214
16761 -0.2148 -0.0313 0.9683 -24.0479 -1.5564 2.8992 -21.1554 0.0000 2.0000 28.2244
16787 -0.2612 -0.0479 0.9883 -17.5476 0.9766 20.7520 -19.7451 77.2174 -25.9066 28.2363
16816 -0.2231 0.0103 0.9565 -9.0942 0.8240 15.4724 -19.7451 0.0000 2.0000 28.2184
16844 -0.1914 -0.0142 0.9888 -9.1248 -3.6926 2.8076 -19.7451 0.0000 2.0000 28.2483
16871 -0.1880 -0.0205 1.0122 -1.0376 0.2747 -5.5847 -19.7451 0.0000 2.0000 28.2363
16898 -0.1479 0.0220 0.9980 3.4180 2.0142 -5.1575 -19.7451 0.0000 2.0000 28.2274
16923 -0.1357 0.0366 1.0142 8.5449 0.6409 -3.2349 -19.5688 76.6885 -26.0771 28.2513
16951 0.0000 0.0479 0.8696 23.3765 18.4021 22.9187 -19.5688 0.0000 2.0000 28.2513
16976 -0.2749 0.0771 0.9980 42.0532 33.8135 27.0691 -19.5688 0.0000 2.0000 28.2573
17006 -0.2056 0.1553 0.9565 16.8457 5.2795 4.7607 -19.5688 0.0000 2.0000 28.2573
17033 -0.1172 0.1104 0.9082 13.4888 1.9531 -3.9673 -19.5688 0.0000 2.0000 28.2423
17058 -0.1973 0.1445 0.9399 14.4653 14.5264 -6.0120 -21.6843 76.6885 -27.4406 28.2453
17087 -0.1597 0.1685 0.9531 10.6506 13.0005 -13.8245 -21.6843 0.0000 2.0000 28.2244
17113 -0.2397 0.1030 0.9990 -2.3804 5.5847 -15.8081 -21.6843 0.0000 2.0000 28.2274
17139 -0.2642 0.0864 0.9824 2.2888 1.4038 -18.5852 -21.6843 0.0000 2.0000 28.2274
17169 -0.2744 0.0640 0.9824 0.6104 -2.2888 -18.7988 -20.6266 79.1566 -26.7588 28.2633
17197 -0.2773 0.0391 0.9858 5.2490 -2.0752 -12.5122 -20.6266 0.0000 2.0000 28.2453
17223 -0.2417 0.0781 0.9614 1.6785 3.2654 -8.2092 -20.6266 0.0000 2.0000 28.2453
17249 -0.2690 0.0869 0.9194 -8.6365 14.3738 -11.0779 -20.6266 0.0000 2.0000 28.2513
17275 -0.2832 0.0356 0.9409 -24.3835 5.4626 -23.0103 -20.6266 0.0000 2.0000 28.2483
17302 -0.4268 0.0117 1.0313 -35.4309 -17.9749 -45.6238 -20.9792 79.5092 -27.0997 28.2663
17333 -0.2251 0.0410 0.9849 -42.2974 -43.1213 -123.5657 -20.9792 0.0000 2.0000 28.2663
17359 -0.1528 0.1641 1.1426 -33.9966 -121.7651 -348.7244 -20.9792 0.0000 2.0000 28.2603
17386 0.1904 0.1763 0.9468 4.3945 -22.0642 -46.6614 -20.9792 0.0000 2.0000 28.2843
17413 -0.2021 -0.1201 1.0254 7.0801 -23.7122 -41.3818 -20.9792 0.0000 2.0000 28.2663
17439 -0.0479 0.0063 0.9839 21.9421 -10.8337 3.6926 -12.3407 80.0381 -24.8840 28.2933
17467 -0.1616 -0.1509 1.0474 39.0930 -26.9165 32.8979 -12.3407 0.0000 2.0000 28.2753
17497 -0.1177 0.0225 0.9365 40.6494 -25.8179 31.7383 -12.3407 0.0000 2.0000 28.2783
17523 -0.0850 0.0410 0.9722 33.4473 -17.7612 32.7148 -12.3407 0.0000 2.0000 28.2543
17549 -0.0972 0.0142 1.0112 29.6936 -14.3433 21.9116 -18.5110 77.7463 -25.7362 28.2603
17577 -0.2197 0.0288 1.0884 -3.0823 102.2034 19.0430 -18.5110 0.0000 2.0000 28.2783
17603 -0.1924 0.0659 1.0278 5.7983 76.8433 -6.2256 -18.5110 0.0000 2.0000 28.2573
17651 -0.1592 0.1133 0.9976 23.7427 28.1372 8.8196 -18.5110 0.0000 2.0000 28.2663
17682 -0.2031 0.1606 0.9507 27.5879 20.2026 6.4392 -19.3925 81.4485 -26.9293 28.2723
17710 -0.2505 0.1108 1.0088 21.4844 2.3499 -3.4485 -19.3925 0.0000 2.0000 28.2992
17735 -0.2002 0.0557 0.9097 20.2942 -4.5776 8.6060 -19.3925 0.0000 2.0000 28.2903
17762 -0.2090 0.1494 0.9902 26.9470 -10.1624 15.4114 -19.3925 0.0000 2.0000 28.3172
17788 -0.1865 0.1909 0.9351 19.4092 -5.4932 18.1580 -19.3925 0.0000 2.0000 28.2992
17814 -0.1953 0.1592 0.9712 8.0872 10.0403 16.2964 -22.2132 81.4485 -30.3380 28.3352
17846 -0.2275 0.1104 1.0151 9.2468 -4.9744 22.7051 -22.2132 0.0000 2.0000 28.3172
17871 -0.1582 0.1274 0.9546 18.4326 -31.7993 22.1863 -22.2132 0.0000 2.0000 28.3472
17898 -0.2021 0.1763 0.9971 10.1013 -29.7241 20.3552 -22.2132 0.0000 2.0000 28.3292
17925 -0.1377 0.1724 0.9390 7.0190 -27.4963 13.1226 -23.0947 78.4515 -27.0997 28.3082
17952 -0.1650 0.1899 0.9502 4.0588 -10.8948 2.4719 -23.0947 0.0000 2.0000 28.3352
17978 -0.1548 0.1846 0.9209 2.1667 -10.2539 4.7302 -23.0947 0.0000 2.0000 28.3532
18008 -0.1558 0.1821 0.9541 0.7935 -7.8125 4.8523 -23.0947 0.0000 2.0000 28.3352
18034 -0.1372 0.1670 0.9834 -1.7395 -4.6082 2.4414 -23.0947 0.0000 2.0000 28.3502
18060 -0.1353 0.1675 0.9995 -2.5940 -4.3945 0.0610 -23.7999 77.0411 -27.0997 28.3382
18087 -0.1514 0.1729 1.0107 -4.2114 -2.6550 -1.8005 -23.7999 0.0000 2.0000 28.3681
18114 -0.1421 0.1616 0.9941 -5.4932 -22.6135 4.6997 -23.7999 0.0000 2.0000 28.3891
18141 -0.1265 0.1719 1.0151 -6.6223 -35.7971 4.3030 -23.7999 0.0000 2.0000 28.3532
18170 -0.1338 0.1250 0.9810 -0.3052 -41.0461 -13.8855 -23.7999 0.0000 2.0000 28.3472
18197 -0.1313 0.1826 0.9722 11.4136 -73.8525 4.1504 -23.4473 75.2781 -27.7815 28.3592
18225 -0.0674 0.2085 0.9155 9.1858 -73.3337 5.7983 -23.4473 0.0000 2.0000 28.3771
18250 0.3501 0.8784 0.7480 -113.7085 222.9309 -80.3528 -23.4473 0.0000 2.0000 28.3412
18277 -0.0933 0.0913 1.0586 -45.8374 -19.7144 -42.0227 -23.4473 0.0000 2.0000 28.3861
18304 -0.0854 0.0645 1.0503 -36.7126 10.1318 -20.0195 -20.8029 75.4544 -25.5658 28.3592
18335 0.0034 0.0742 1.0225 -25.4822 -6.1340 -38.0554 -20.8029 0.0000 2.0000 28.3921
18361 -0.0420 0.0640 0.9995 -13.7329 -9.0027 -28.7781 -20.8029 0.0000 2.0000 28.3532
18387 -0.0327 0.0850 1.0029 -3.4180 -2.7161 -24.8413 -20.8029 0.0000 2.0000 28.3771
18414 -0.0547 0.1035 0.9683 2.6550 -6.8665 -28.9612 -20.8029 0.0000 2.0000 28.3651
18441 -0.0762 0.0771 0.9746 2.0142 -5.5542 -21.3623 -19.2162 75.6307 -24.3727 28.3711
18468 -0.0732 0.0620 0.9912 3.4485 -6.0120 -17.1814 -19.2162 0.0000 2.0000 28.3921
18498 -0.0610 0.0645 0.9844 3.9673 -8.3008 -13.9771 -19.2162 0.0000 2.0000 28.3621
18524 -0.0488 0.0859 0.9814 3.9978 -7.1716 -7.1411 -19.2162 0.0000 2.0000 28.3801
18550 -0.0396 0.0952 0.9844 2.4109 -6.8359 -6.7444 -19.2162 0.0000 2.0000 28.3502
18577 -0.0400 0.0835 0.9951 1.9531 -2.9602 -11.7493 -18.5110 75.6307 -24.0318 28.3621
18605 -0.0410 0.0815 0.9922 2.5024 -3.4180 -14.6790 -18.5110 0.0000 2.0000 28.3801
18630 -0.0454 0.1040 0.9795 2.2278 -2.1362 -15.4419 -18.5110 0.0000 2.0000 28.3681
18660 -0.0366 0.0991 0.9702 2.4414 -1.3733 -13.1226 -18.5110 0.0000 2.0000 28.3592
18686 -0.0547 0.0742 0.9907 3.3875 -0.0916 -17.5781 -18.6873 75.4544 -25.2249 28.3741
18714 -0.0469 0.0889 0.9673 4.0283 -0.1831 -15.6555 -18.6873 0.0000 2.0000 28.3711
18741 -0.0747 0.0493 0.9507 1.2512 1.8921 -24.5361 -18.6873 0.0000 2.0000 28.3562
18766 -0.0596 0.0317 0.9097 -4.7302 4.2725 -42.6331 -18.6873 0.0000 2.0000 28.3532
18793 0.0020 0.1084 0.6519 -34.1492 -6.3782 -74.7681 -18.6873 0.0000 2.0000 28.3681
18823 0.1025 -0.1284 0.8306 -42.6636 39.5508 -69.7021 -14.4562 77.9226 -26.2475 28.3801
18851 -0.0693 0.0151 0.8970 16.7847 36.2854 -40.2832 -14.4562 0.0000 2.0000 28.3502
18877 -0.0635 -0.2676 1.0229 40.5579 84.8999 114.0137 -14.4562 0.0000 2.0000 28.3562
18904 -0.3896 0.0703 1.0693 -23.5901 15.8081 23.6816 -14.4562 0.0000 2.0000 28.3681
18930 -0.0498 0.0566 0.9126 -13.2446 17.6697 49.9268 -14.4562 0.0000 2.0000 28.3801
18957 -0.0806 -0.1230 0.9751 -9.0942 38.8184 39.3677 -16.3955 80.2144 -25.7362 28.3711
18988 -0.0918 -0.1323 0.8926 24.7498 30.1208 15.4724 -16.3955 0.0000 2.0000 28.3562
19014 -0.1475 0.2344 1.0112 28.4119 42.1448 -5.2185 -16.3955 0.0000 2.0000 28.3651
19041 -0.0522 0.4092 0.4751 7.2327 66.7419 72.7234 -16.3955 0.0000 2.0000 28.3592
19067 -0.2471 0.0229 0.8906 -25.2686 74.6155 74.6155 -19.7451 80.3907 -28.9745 28.3592
19095 -0.2266 -0.0737 0.8994 -21.8201 70.2515 40.1306 -19.7451 0.0000 2.0000 28.3831
19125 -0.2842 -0.0942 0.9707 -3.4180 85.6018 25.8179 -19.7451 0.0000 2.0000 28.3981
19151 -0.1328 0.1597 0.9473 30.7312 94.3298 73.6084 -19.7451 0.0000 2.0000 28.3741
19178 -0.3628 0.1772 1.1191 47.0886 79.7729 87.6465 -19.7451 0.0000 2.0000 28.3681
19204 -0.3794 0.2310 0.9766 71.3501 54.7180 43.4570 -21.5080 85.3270 -34.7694 28.3651
19241 -0.4658 0.4072 0.9956 65.0330 -8.7280 45.1050 -21.5080 0.0000 2.0000 28.4101
19279 -0.3203 0.4692 0.7339 73.3337 -3.6621 13.4888 -21.5080 0.0000 2.0000 28.3831
19309 -0.2397 0.4600 0.8452 48.7976 -25.9705 60.2722 -21.5080 0.0000 2.0000 28.3831
19336 -0.2788 0.2324 0.4888 59.4177 11.1694 1.4648 -28.3836 82.3300 -39.0304 28.4011
19363 -0.1519 0.7656 0.5498 137.5122 30.2429 -121.3074 -28.3836 0.0000 2.0000 28.3831
19390 -0.5396 0.7417 0.9111 102.9053 91.2781 -256.1646 -28.3836 0.0000 2.0000 28.3891
19417 -0.5391 0.3120 0.8276 54.1992 20.0195 107.6965 -28.3836 0.0000 2.0000 28.3981
19443 -0.4775 0.6157 0.8032 120.9717 35.1257 -44.4031 -28.3836 0.0000 2.0000 28.3891
19473 -0.5547 0.6831 0.7344 145.5688 61.3098 -2.3193 -31.0280 87.7951 -48.0636 28.3951
19501 -0.5210 0.8203 0.6841 136.6577 89.5996 -158.0811 -31.0280 0.0000 2.0000 28.3711
19527 -0.5742 0.4307 0.4995 89.3555 96.2219 -130.0049 -31.0280 0.0000 2.0000 28.3711
19554 -0.4487 0.8398 0.5015 87.6465 122.4976 -203.5217 -31.0280 0.0000 2.0000 28.3861
19580 -0.7939 0.5317 0.4634 34.9426 133.7891 -116.1804 -25.3865 99.0780 -59.6534 28.3981
19609 -0.8413 0.5269 0.5117 0.7629 146.6675 -112.6709 -25.3865 0.0000 2.0000 28.3831
19639 -1.0024 0.2104 0.3525 -10.3149 160.7056 -116.7297 -25.3865 0.0000 2.0000 28.3951
19665 -0.6519 0.2695 0.4048 14.8926 119.8730 60.0586 -25.3865 0.0000 2.0000 28.3861
19692 -0.9790 -0.0439 0.0557 127.4414 105.8960 190.8569 -25.3865 0.0000 2.0000 28.3741
19719 -0.5015 0.3818 0.3726 -34.7900 -20.0806 198.3948 -22.2132 100.1358 -74.9929 28.3831
19746 -0.7778 0.6377 0.0952 42.7246 18.1580 31.4941 -22.2132 0.0000 2.0000 28.3921
19773 -1.0903 0.8462 0.0435 58.8379 44.0063 -224.8840 -22.2132 0.0000 2.0000 28.3861
19803 -0.8906 0.2817 0.2163 -39.0625 55.2368 -198.9136 -22.2132 0.0000 2.0000 28.3951
19829 -0.9561 0.3062 0.2129 10.5591 39.5508 -102.9968 -17.6295 101.8988 -79.4243 28.4161
19858 -0.9985 0.2935 0.1328 23.6816 32.8369 -111.2976 -17.6295 0.0000 2.0000 28.3891
19885 -1.0127 0.3804 0.1694 37.4756 39.2151 -57.5256 -17.6295 0.0000 2.0000 28.4011
19910 -0.8872 0.2090 -0.0493 -15.9607 -46.7224 -232.2388 -17.6295 0.0000 2.0000 28.4011
19938 -1.2202 0.3530 0.0474 147.9797 29.1748 168.9758 -17.6295 0.0000 2.0000 28.3921
19968 -1.0049 0.2656 0.1265 67.4133 -13.3362 132.1106 -11.8118 103.4854 -83.3444 28.4071
19995 -0.8462 0.3867 0.3169 32.8979 16.6626 47.2107 -11.8118 0.0000 2.0000 28.4071
20022 -0.8779 0.5625 0.2241 14.2822 -48.7976 42.1753 -11.8118 0.0000 2.0000 28.4221
20048 -1.0830 0.4692 0.0562 -10.6201 -24.8718 -106.1401 -11.8118 0.0000 2.0000 28.4221
20075 -0.9204 0.4043 -0.0913 37.8418 70.6787 -210.2051 -11.8118 0.0000 2.0000 28.4041
20102 -0.3838 0.0679 -0.0244 156.0059 32.0435 232.5745 -9.3437 103.4854 -82.3218 28.4041
20133 -1.0820 0.8716 0.1279 25.8789 -11.7798 -102.6306 -9.3437 0.0000 2.0000 28.4131
20160 -1.0752 0.3179 0.0923 23.1018 10.1013 53.5583 -9.3437 0.0000 2.0000 28.4041
20186 -0.9102 0.5093 0.1040 26.5808 -7.1716 -34.2407 -9.3437 0.0000 2.0000 28.3951
20212 -1.0371 0.4233 0.0635 12.4207 -10.8337 -47.5769 -11.4592 102.4276 -85.3896 28.4310
20240 -1.0293 0.2930 0.0649 29.9072 -5.3711 30.4260 -11.4592 0.0000 2.0000 28.4191
20271 -0.8438 0.6982 -0.0596 32.9895 -6.3171 -1.1292 -11.4592 0.0000 2.0000 28.4250
20296 -0.9175 0.2275 0.0625 15.9302 -7.2632 -23.9868 -11.4592 0.0000 2.0000 28.4131
20323 -0.9385 0.3423 -0.0508 5.2795 -11.4746 -33.5388 -11.4592 0.0000 2.0000 28.4191
20349 -0.9526 0.3057 0.0522 20.7825 3.8452 16.4795 -9.8725 102.6039 -83.1740 28.4191
20377 -0.9570 0.3672 -0.0034 8.4229 -9.8572 -40.1917 -9.8725 0.0000 2.0000 28.4161
20404 -0.9917 0.4453 0.0132 15.7776 -1.1597 10.1318 -9.8725 0.0000 2.0000 28.4400
20433 -0.9531 0.3032 0.0298 13.2141 2.7466 13.7939 -9.8725 0.0000 2.0000 28.4221
20460 -1.0259 0.3154 0.0063 9.5215 -3.1738 -33.3252 -9.3437 102.7802 -83.0035 28.4310
20488 -0.9263 0.3359 -0.0342 12.4207 -2.0447 -3.9368 -9.3437 0.0000 2.0000 28.4400
20513 -0.9429 0.3530 0.0020 9.3689 -5.3101 -0.0610 -9.3437 0.0000 2.0000 28.4790
20540 -0.9604 0.3340 0.0010 4.6692 -1.4648 -21.3013 -9.3437 0.0000 2.0000 28.4400
20567 -0.9443 0.4312 -0.0137 3.8452 -3.2043 -4.2419 -9.3437 0.0000 2.0000 28.4430
20596 -0.9307 0.3242 0.0068 2.3193 -0.2136 -4.0894 -7.5807 102.7802 -83.3444 28.4310
20624 -0.9565 0.3042 0.0107 -3.9063 -1.4038 -14.0381 -7.5807 0.0000 2.0000 28.4400
20649 -0.9575 0.3032 0.0107 0.5493 0.2441 0.0305 -7.5807 0.0000 2.0000 28.4310
20676 -0.9507 0.3071 0.0117 0.8850 0.5188 2.3804 -7.5807 0.0000 2.0000 28.4400
20702 -0.9502 0.3062 0.0132 -0.8545 -0.1831 -5.0049 -7.5807 0.0000 2.0000 28.4221
20728 -0.9546 0.3018 0.0127 -1.5564 -0.3052 -7.5989 -7.4044 103.6617 -83.8557 28.4310
20756 -0.9561 0.2993 0.0132 -0.9766 0.0305 -3.9673 -7.4044 0.0000 2.0000 28.4430
20786 -0.9546 0.2964 0.0107 -0.4883 0.2136 -3.3875 -7.4044 0.0000 2.0000 28.4400
20811 -0.9556 0.2983 0.0122 -0.9460 0.0610 -4.3030 -7.4044 0.0000 2.0000 28.4310
20838 -0.9565 0.2944 0.0103 -0.8545 0.0000 -4.5166 -7.4044 0.0000 2.0000 28.4400
20884 -0.9590 0.2930 0.0142 -0.8850 0.0305 -5.0049 -7.7570 103.6617 -84.5375 28.4430
20913 -0.9570 0.2876 0.0127 -0.9155 0.1526 -4.1809 -7.7570 0.0000 2.0000 28.4041
20938 -0.9585 0.2876 0.0137 -0.8545 0.0610 -3.5400 -7.7570 0.0000 2.0000 28.4370
20968 -0.9604 0.2861 0.0137 -1.0986 0.0000 -5.0964 -6.3466 103.6617 -82.8331 28.4310
20996 -0.9619 0.2822 0.0117 -1.0376 0.0916 -4.9133 -6.3466 0.0000 2.0000 28.4310
21022 -0.9604 0.2837 0.0117 -0.8545 0.1526 -3.6011 -6.3466 0.0000 2.0000 28.4310
21049 -0.9595 0.2783 0.0132 -0.8850 0.0916 -3.9063 -6.3466 0.0000 2.0000 28.4580
21074 -0.9624 0.2778 0.0151 -1.0986 -0.0305 -4.9438 -6.3466 0.0000 2.0000 28.4490
21101 -0.9619 0.2749 0.0146 -1.0681 0.0305 -4.3030 -6.3466 102.9565 -82.4922 28.4520
21132 -0.9624 0.2734 0.0166 -0.9155 0.0305 -3.8147 -6.3466 0.0000 2.0000 28.4161
21158 -0.9614 0.2695 0.0132 -1.0376 -0.0610 -4.6082 -6.3466 0.0000 2.0000 28.4221
21184 -0.9624 0.2700 0.0112 -1.0071 0.0305 -4.6997 -6.3466 0.0000 2.0000 28.4310
21211 -0.9614 0.2690 0.0161 -0.8545 0.0610 -3.7537 -6.3466 0.0000 2.0000 28.4400
21237 -0.9663 0.2642 0.0161 -0.8850 0.0305 -4.1199 -5.4652 103.1328 -83.6853 28.4250
21265 -0.9668 0.2646 0.0156 -1.0986 0.0000 -4.6387 -5.4652 0.0000 2.0000 28.4580
21294 -0.9658 0.2627 0.0112 -0.9155 0.2136 -4.0283 -5.4652 0.0000 2.0000 28.4580
21320 -0.9663 0.2593 0.0151 -1.0071 -0.0305 -3.8757 -5.4652 0.0000 2.0000 28.4400
21347 -0.9663 0.2593 0.0142 -1.0986 0.0000 -4.2725 -5.4652 0.0000 2.0000 28.4340
21372 -0.9678 0.2563 0.0127 -1.0376 -0.0610 -4.3030 -5.4652 104.1906 -82.6626 28.4370
21400 -0.9673 0.2554 0.0161 -0.7935 0.1221 -3.8147 -5.4652 0.0000 2.0000 28.4250
21427 -0.9648 0.2373 0.0181 -1.0071 0.0000 -4.3945 -5.4652 0.0000 2.0000 28.4430
21456 -0.9766 0.2461 0.0195 -3.2959 1.4648 -6.3477 -5.4652 0.0000 2.0000 28.4550
21482 -0.9702 0.2510 0.0132 -1.0681 0.7629 -4.6692 -5.2889 103.6617 -82.1513 28.4310
21510 -0.9712 0.2485 0.0122 -1.1597 0.1831 -5.7373 -5.2889 0.0000 2.0000 28.4640
21536 -0.9702 0.2451 0.0176 -1.4954 0.0305 -4.6997 -5.2889 0.0000 2.0000 28.4400
21563 -0.9722 0.2456 0.0171 -0.6409 0.2136 -3.2959 -5.2889 0.0000 2.0000 28.4460
21588 -0.9707 0.2437 0.0146 -1.0071 0.0610 -3.0823 -5.2889 0.0000 2.0000 28.4400
21618 -0.9697 0.2417 0.0200 -0.8545 -0.0610 -3.9978 -5.4652 104.5432 -84.7079 28.4520
21646 -0.9707 0.2402 0.0190 -1.1292 -0.1221 -4.2725 -5.4652 0.0000 2.0000 28.4550
21672 -0.9736 0.2393 0.0186 -1.1292 0.0000 -4.1504 -5.4652 0.0000 2.0000 28.4520
21699 -0.9736 0.2358 0.0142 -0.0610 0.4272 -1.8005 -5.4652 0.0000 2.0000 28.4490
21725 -0.9697 0.2280 0.0264 -1.1597 -0.2441 -4.0588 -5.4652 0.0000 2.0000 28.4340
21751 -0.9707 0.2339 0.0220 -2.2583 0.1831 -7.3242 -4.5837 102.9565 -82.8331 28.4430
21898 -0.9741 0.2202 0.0117 2.3804 1.1292 2.9907 -3.5259 103.3091 -82.8331 28.4580
22125 -0.9751 0.2100 0.0205 -1.3733 -0.0305 -5.7373 -2.6444 103.4854 -82.6626 28.4550
22315 -0.9790 0.2007 0.0190 -1.2207 -0.2136 -4.3640 -3.3496 104.1906 -83.0035 28.4550
22342 -0.9805 0.2021 0.0190 -0.8545 0.0916 -3.6316 -3.3496 0.0000 2.0000 28.4550
22368 -0.9785 0.2021 0.0195 -0.7324 0.0916 -1.8921 -3.1733 104.0143 -82.8331 28.4670
22395 -0.9771 0.1997 0.0225 -0.8240 -0.0610 -3.3569 -3.1733 0.0000 2.0000 28.4460
22425 -0.9824 0.1987 0.0186 -1.1902 -0.0305 -4.3945 -3.1733 0.0000 2.0000 28.4580
22452 -0.9829 0.1943 0.0181 -0.5188 0.2136 -1.9226 -3.1733 0.0000 2.0000 28.4400
22477 -0.9775 0.1987 0.0215 -0.8850 -0.1221 -2.3193 -3.1733 0.0000 2.0000 28.4640
22504 -0.9810 0.1934 0.0210 -0.8850 0.0000 -4.1504 -4.4074 103.4854 -84.3670 28.4430
22531 -0.9819 0.1929 0.0220 -1.1292 -0.1526 -3.2654 -4.4074 0.0000 2.0000 28.4520
22557 -0.9805 0.1909 0.0171 -0.4272 0.1221 -1.6479 -4.4074 0.0000 2.0000 28.4640
22587 -0.9819 0.1904 0.0220 -1.1292 -0.0305 -3.6316 -4.4074 0.0000 2.0000 28.4580
22612 -0.9839 0.1880 0.0215 -0.8850 0.0610 -3.2349 -4.4074 0.0000 2.0000 28.4700
22639 -0.9844 0.1870 0.0234 -0.7935 0.0610 -2.6855 -2.6444 103.8380 -83.6853 28.4490
22667 -0.9824 0.1880 0.0229 -0.7629 0.0000 -2.9297 -2.6444 0.0000 2.0000 28.4610
22692 -0.9834 0.1841 0.0171 -0.7629 -0.0305 -3.2349 -2.6444 0.0000 2.0000 28.4490
22718 -0.9814 0.1855 0.0186 -0.9155 0.0000 -2.7466 -2.6444 0.0000 2.0000 28.4640
22748 -0.9839 0.1812 0.0195 -0.6104 0.0000 -2.5635 -2.8207 103.3091 -83.1740 28.4520
22775 -0.9800 0.1821 0.0249 -1.0071 -0.0916 -2.8687 -2.8207 0.0000 2.0000 28.4790
22801 -0.9844 0.1802 0.0205 -0.6104 -0.0916 -3.0823 -2.8207 0.0000 2.0000 28.4670
22828 -0.9829 0.1807 0.0225 -0.8850 -0.0610 -2.8992 -2.8207 0.0000 2.0000 28.4640
22854 -0.9834 0.1763 0.0264 -0.8850 0.0305 -2.5635 -2.8207 0.0000 2.0000 28.4490
22880 -0.9839 0.1772 0.0229 -1.0376 0.2136 -2.6245 -0.7052 103.3091 -84.1966 28.4670
22910 -0.9834 0.1753 0.0234 -0.9766 -0.0610 -2.7466 -0.7052 0.0000 2.0000 28.4700
22937 -0.9849 0.1753 0.0273 -0.9460 -0.0916 -2.9602 -0.7052 0.0000 2.0000 28.4550
22982 -0.9824 0.1787 0.0200 -1.6479 -0.0916 -2.3804 -0.7052 0.0000 2.0000 28.4760
23009 -0.9839 0.1689 0.0229 0.2441 0.3967 -1.4343 -1.4104 103.3091 -83.5148 28.4730
23036 -0.9858 0.1753 0.0283 -1.8311 -0.5188 -3.8757 -1.4104 0.0000 2.0000 28.4460
23062 -0.9878 0.1685 0.0181 0.4272 0.4578 -1.7395 -1.4104 0.0000 2.0000 28.4610
23092 -0.9849 0.1689 0.0293 -1.6785 -0.4883 -2.6245 -1.4104 0.0000 2.0000 28.4580
23117 -0.9873 0.1655 0.0229 -0.4578 0.4578 -3.9368 -1.4104 0.0000 2.0000 28.4490
23144 -0.9863 0.1660 0.0215 -1.2207 -0.1221 -2.6245 -1.4104 103.6617 -82.8331 28.4580
23172 -0.9854 0.1655 0.0269 -0.4578 -0.1831 -1.5259 -1.4104 0.0000 2.0000 28.4670
23197 -0.9858 0.1641 0.0220 -0.8850 0.1221 -3.3569 -1.4104 0.0000 2.0000 28.4640
23224 -0.9868 0.1621 0.0186 -0.9155 0.0305 -3.0212 -1.4104 0.0000 2.0000 28.4640
23252 -0.9849 0.1650 0.0244 -0.6409 0.1221 -1.7090 -0.8815 103.8380 -82.3218 28.4370
23280 -0.9878 0.1563 0.0234 -0.8545 0.0610 -3.6621 -0.8815 0.0000 2.0000 28.4580
23307 -0.9883 0.1636 0.0234 -1.0376 -0.0305 -2.4414 -0.8815 0.0000 2.0000 28.4849
23332 -0.9873 0.1587 0.0215 0.0305 0.3967 -1.0681 -0.8815 0.0000 2.0000 28.4790
23359 -0.9868 0.1558 0.0264 -1.5259 -0.4272 -4.0588 -0.8815 0.0000 2.0000 28.4550
23385 -0.9878 0.1553 0.0264 -0.3357 0.3357 -2.6855 -2.4681 104.0143 -83.8557 28.4610
23415 -0.9873 0.1563 0.0239 -0.7629 -0.0610 -1.1292 -2.4681 0.0000 2.0000 28.4640
23442 -0.9873 0.1553 0.0278 -0.7019 0.0305 -2.5635 -2.4681 0.0000 2.0000 28.4550
23468 -0.9897 0.1538 0.0205 -0.8545 0.0916 -3.8452 -2.4681 0.0000 2.0000 28.4580
23494 -0.9897 0.1538 0.0249 -0.8240 0.0305 -2.0447 -2.4681 0.0000 2.0000 28.4610
23520 -0.9883 0.1509 0.0269 -0.4578 0.1526 -1.9836 -0.5289 104.1906 -82.3218 28.4580
23547 -0.9883 0.1519 0.0234 -0.8850 -0.0916 -3.1128 -0.5289 0.0000 2.0000 28.4640
23574 -0.9902 0.1523 0.0269 -0.8850 0.0610 -2.4719 -0.5289 0.0000 2.0000 28.4790
23603 -0.9888 0.1479 0.0239 -0.5493 0.0916 -2.1362 -0.5289 0.0000 2.0000 28.4670
23629 -0.9888 0.1504 0.0234 -0.8850 -0.0305 -2.5330 -0.5289 0.0000 2.0000 28.4640
23655 -0.9883 0.1455 0.0220 -0.5798 0.0000 -2.2278 0.5289 104.1906 -83.6853 28.4849
23683 -0.9868 0.1465 0.0264 -0.8545 0.0000 -2.4414 0.5289 0.0000 2.0000 28.4849
23709 -0.9897 0.1445 0.0239 -0.7324 0.0000 -2.4719 0.5289 0.0000 2.0000 28.4670
23735 -0.9902 0.1421 0.0234 -0.6104 -0.0610 -2.2888 0.5289 0.0000 2.0000 28.4610
23764 -0.9893 0.1411 0.0259 -0.7629 -0.0610 -2.4109 0.1763 104.5432 -84.3670 28.4820
23792 -0.9927 0.1411 0.0229 -0.6409 0.0916 -2.4414 0.1763 0.0000 2.0000 28.4820
23818 -0.9927 0.1406 0.0264 -0.7019 0.0000 -2.2888 0.1763 0.0000 2.0000 28.4580
23843 -0.9854 0.1035 0.0400 -0.7019 -0.7019 -5.4321 0.1763 0.0000 2.0000 28.4790
23870 -0.9937 0.0410 0.0205 1.8921 0.3052 -10.6506 0.1763 0.0000 2.0000 28.4670
23896 -0.9814 0.0396 0.0234 1.7700 0.8545 -6.3477 -1.0578 105.0721 -83.1740 28.4670
23926 -1.0000 0.1230 0.0342 4.2114 0.4883 -3.7231 -1.0578 0.0000 2.0000 28.4879
23953 -0.9976 0.1631 0.0259 4.0588 -4.7302 -9.9487 -1.0578 0.0000 2.0000 28.4849
23979 -1.0010 0.1182 0.0181 6.5613 -0.5798 -8.0261 -1.0578 0.0000 2.0000 28.4700
24005 -0.9497 0.0366 0.0176 4.8218 3.1738 -2.7466 -1.0578 0.0000 2.0000 28.4760
24031 -1.0005 0.1226 0.0313 -0.3052 3.4790 -1.0986 0.3526 105.7772 -82.8331 28.4909
24058 -0.9932 0.1230 0.0229 -4.2725 -0.2441 -12.4207 0.3526 0.0000 2.0000 28.4909
24088 -1.0000 0.1138 0.0317 -1.8921 -0.3357 -9.5520 0.3526 0.0000 2.0000 28.4849
24114 -0.9961 0.1138 0.0303 -0.4883 0.3357 0.6104 0.3526 0.0000 2.0000 28.4730
24139 -0.9902 0.1221 0.0264 0.2136 0.4883 1.9531 1.0578 104.0143 -82.4922 28.4640
24167 -0.9902 0.1201 0.0293 -1.0071 -0.0610 -3.8452 1.0578 0.0000 2.0000 28.4939
24194 -0.9971 0.1147 0.0288 -1.6479 -0.3357 -5.9509 1.0578 0.0000 2.0000 28.4760
24219 -0.9922 0.1123 0.0273 -0.5188 0.0610 -1.8005 1.0578 0.0000 2.0000 28.4790
24249 -0.9912 0.1138 0.0249 -0.2441 0.1526 -0.1831 1.0578 0.0000 2.0000 28.4849
24274 -0.9922 0.1143 0.0293 -0.7629 0.0000 -2.6855 0.7052 104.7195 -82.8331 28.4820
24302 -0.9932 0.1108 0.0273 -0.9460 -0.1526 -3.3264 0.7052 0.0000 2.0000 28.4820
24328 -0.9941 0.1108 0.0254 -0.7935 0.0000 -2.2888 0.7052 0.0000 2.0000 28.4700
24354 -0.9927 0.1094 0.0269 -0.5798 0.0916 -1.8005 0.7052 0.0000 2.0000 28.5089
24380 -0.9932 0.1099 0.0303 -0.6104 0.1526 -2.0752 0.7052 0.0000 2.0000 28.4909
24410 -0.9946 0.1089 0.0293 -0.7324 0.0610 -2.4414 0.3526 104.3669 -82.1513 28.4730
24437 -0.9941 0.1060 0.0273 -0.6409 0.0610 -2.4109 0.3526 0.0000 2.0000 28.4730
24463 -0.9937 0.1074 0.0278 -0.7019 0.0305 -2.0752 0.3526 0.0000 2.0000 28.4849
24488 -0.9937 0.1064 0.0298 -0.6409 0.0916 -2.1057 0.3526 0.0000 2.0000 28.4670
24515 -0.9941 0.1045 0.0288 -0.6409 0.0916 -2.2278 0.3526 0.0000 2.0000 28.4700
24541 -0.9932 0.1045 0.0298 -0.7019 -0.0610 -2.2583 -0.1763 102.4276 -83.0035 28.4909
24592 -0.9941 0.1016 0.0317 -0.7629 0.0305 -2.0447 -0.1763 0.0000 2.0000 28.4999
24619 -0.9941 0.1025 0.0298 -0.5493 0.0610 -2.1057 -0.1763 0.0000 2.0000 28.4879
24644 -0.9946 0.1006 0.0278 -0.6104 -0.0305 -2.1667 -0.1763 0.0000 2.0000 28.4820
24671 -0.9946 0.1001 0.0293 -0.6714 0.1526 -2.1057 1.2341 103.8380 -81.9809 28.4790
24698 -0.9946 0.0986 0.0308 -0.6714 0.0305 -2.0752 1.2341 0.0000 2.0000 28.5089
24724 -0.9946 0.0972 0.0259 -0.5188 0.0000 -1.8921 1.2341 0.0000 2.0000 28.4969
24751 -0.9946 0.0957 0.0303 -0.6409 0.0916 -2.0142 1.2341 0.0000 2.0000 28.4790
24779 -0.9932 0.0967 0.0278 -0.6104 0.0305 -1.8616 0.8815 105.2484 -83.3444 28.4820
24807 -0.9946 0.0952 0.0327 -0.6409 -0.0305 -1.8311 0.8815 0.0000 2.0000 28.4670
24834 -0.9946 0.0957 0.0288 -0.5493 0.0610 -1.7700 0.8815 0.0000 2.0000 28.4849
24859 -0.9946 0.0942 0.0298 -0.6714 0.0305 -1.6785 0.8815 0.0000 2.0000 28.4849
24885 -0.9951 0.0947 0.0298 -0.5493 -0.0305 -1.7700 0.8815 0.0000 2.0000 28.4849
24911 -0.9966 0.0942 0.0332 -0.6409 0.0610 -1.8616 1.4104 105.4247 -84.1966 28.4849
24942 -0.9937 0.0923 0.0303 -0.5493 0.0916 -1.4954 1.4104 0.0000 2.0000 28.5089
24968 -0.9961 0.0933 0.0278 -0.4883 0.0000 -1.4954 1.4104 0.0000 2.0000 28.4879
24994 -0.9951 0.0913 0.0288 -0.6104 -0.0610 -1.9836 1.4104 0.0000 2.0000 28.5029
25020 -0.9951 0.0908 0.0283 -0.5493 0.0610 -1.7395 1.4104 0.0000 2.0000 28.4849
25047 -0.9951 0.0894 0.0337 -0.6104 0.0305 -1.4343 1.5867 104.5432 -81.9809 28.4700
25074 -0.9956 0.0903 0.0327 -0.6104 0.0916 -1.7090 1.5867 0.0000 2.0000 28.5059
25103 -0.9951 0.0879 0.0254 -0.4883 0.0916 -1.9226 1.5867 0.0000 2.0000 28.4969
25129 -0.9966 0.0859 0.0269 -0.5188 0.0916 -1.5869 1.5867 0.0000 2.0000 28.4999
25155 -0.9951 0.0869 0.0298 -0.5188 0.0305 -1.6479 2.8207 104.7195 -82.1513 28.4700
25183 -0.9951 0.0840 0.0298 -0.6104 -0.0610 -1.9226 2.8207 0.0000 2.0000 28.4939
25208 -0.9941 0.0869 0.0317 -0.5798 -0.0305 -1.6479 2.8207 0.0000 2.0000 28.4969
25235 -0.9951 0.0835 0.0269 -0.6104 -0.0305 -1.7395 2.8207 0.0000 2.0000 28.5119
25265 -0.9937 0.0830 0.0342 -0.6104 0.0610 -1.8616 2.8207 0.0000 2.0000 28.4969
25290 -0.9951 0.0845 0.0293 -0.5798 0.0305 -1.8921 0.8815 102.7802 -83.0035 28.4939
25318 -0.9941 0.0840 0.0288 -0.5798 -0.0610 -1.7090 0.8815 0.0000 2.0000 28.5239
25345 -0.9956 0.0835 0.0298 -0.6409 0.0000 -1.7700 0.8815 0.0000 2.0000 28.4730
25370 -0.9951 0.0806 0.0288 -0.6409 -0.0305 -1.8311 0.8815 0.0000 2.0000 28.4969
25396 -0.9976 0.0815 0.0298 -0.6409 0.0916 -1.8005 0.8815 0.0000 2.0000 28.4999
25425 -0.9941 0.0801 0.0293 -0.5798 0.0000 -1.6785 2.1155 103.3091 -82.1513 28.4909
25453 -0.9941 0.0801 0.0293 -0.5188 0.0916 -1.7700 2.1155 0.0000 2.0000 28.4879
25479 -0.9961 0.0776 0.0283 -0.5798 0.0000 -1.7395 2.1155 0.0000 2.0000 28.4879
25505 -0.9956 0.0786 0.0337 -0.6104 -0.0305 -1.7090 2.1155 0.0000 2.0000 28.4909
25531 -0.9971 0.0786 0.0308 -0.5493 0.0305 -1.9531 2.1155 0.0000 2.0000 28.4999
25558 -0.9961 0.0786 0.0303 -0.5493 0.0000 -1.9226 2.4681 104.3669 -81.8104 28.5059
25588 -0.9946 0.0728 0.0317 -0.6104 -0.0305 -1.6479 2.4681 0.0000 2.0000 28.5089
25615 -0.9966 0.0762 0.0317 -0.5493 0.1526 -1.7090 2.4681 0.0000 2.0000 28.5239
25640 -0.9961 0.0762 0.0303 -0.5493 -0.0610 -1.7395 2.4681 0.0000 2.0000 28.4849
25666 -0.9966 0.0732 0.0322 -0.6104 0.0000 -1.7700 3.3496 105.9535 -83.3444 28.4849
25694 -0.9966 0.0747 0.0298 -0.5798 0.1526 -1.6785 3.3496 0.0000 2.0000 28.4939
25720 -0.9971 0.0737 0.0327 -0.4883 0.0305 -1.4648 3.3496 0.0000 2.0000 28.4790
25746 -0.9961 0.0732 0.0337 -0.6714 0.0000 -1.7395 3.3496 0.0000 2.0000 28.4909
25776 -0.9971 0.0703 0.0332 -0.6104 0.0305 -1.8616 3.3496 0.0000 2.0000 28.4820
25801 -0.9956 0.0698 0.0356 -0.5493 0.0000 -1.4648 2.1155 104.7195 -82.1513 28.5089
25829 -0.9956 0.0698 0.0303 -0.4883 0.1526 -1.8311 2.1155 0.0000 2.0000 28.5059
25856 -0.9971 0.0698 0.0313 -0.6104 0.0610 -1.9531 2.1155 0.0000 2.0000 28.4969
25881 -0.9976 0.0669 0.0293 -0.4578 0.0305 -1.5259 2.1155 0.0000 2.0000 28.4849
25907 -0.9951 0.0674 0.0322 -0.5493 0.0916 -1.5869 2.1155 0.0000 2.0000 28.4999
25936 -0.9971 0.0679 0.0322 -0.6104 0.1221 -1.9226 2.4681 104.0143 -82.8331 28.4909
25964 -0.9956 0.0669 0.0273 -0.4883 0.0305 -1.3428 2.4681 0.0000 2.0000 28.4700
25991 -0.9971 0.0669 0.0313 -0.5798 0.0916 -1.6174 2.4681 0.0000 2.0000 28.5029
26016 -0.9966 0.0649 0.0317 -0.6104 -0.0305 -1.9836 2.4681 0.0000 2.0000 28.4999
26043 -0.9971 0.0669 0.0313 -0.4883 0.1221 -1.6174 2.4681 104.7195 -81.4696 28.4999
26070 -0.9985 0.0625 0.0293 -0.5493 -0.0610 -1.7090 2.4681 0.0000 2.0000 28.4939
26099 -0.9985 0.0625 0.0313 -0.6104 0.0305 -1.7090 2.4681 0.0000 2.0000 28.4879
26126 -0.9971 0.0620 0.0317 -0.5493 0.0610 -1.4343 2.4681 0.0000 2.0000 28.5059
26162 -0.9951 0.0615 0.0303 -0.5493 -0.0305 -1.5564 2.4681 0.0000 2.0000 28.4909
26198 -0.9980 0.0625 0.0308 -0.5798 0.0000 -1.8311 3.1733 104.3669 -82.8331 28.4969
26225 -0.9966 0.0605 0.0303 -0.4578 0.0305 -1.2817 3.1733 0.0000 2.0000 28.5029
26251 -0.9971 0.0605 0.0327 -0.5188 -0.1221 -1.4954 3.1733 0.0000 2.0000 28.5089
26280 -0.9976 0.0596 0.0322 -0.3357 0.1221 -0.4883 3.1733 0.0000 2.0000 28.4969
26307 -0.9966 0.0605 0.0337 -0.3052 0.0610 -0.4578 3.3496 105.2484 -83.6853 28.4790
26335 -0.9985 0.0596 0.0342 -0.4272 -0.0305 -1.0376 3.3496 0.0000 2.0000 28.5149
26360 -0.9980 0.0581 0.0347 -0.2747 0.0305 -0.5798 3.3496 0.0000 2.0000 28.5029
26387 -0.9937 0.0332 0.0269 -0.3357 -1.0071 -6.5918 3.3496 0.0000 2.0000 28.4879
26413 -0.9917 0.0952 0.0254 0.7324 -2.0142 2.6855 3.3496 0.0000 2.0000 28.4999
26442 -0.9883 0.0635 0.0283 2.1667 0.7629 4.0283 1.5867 103.1328 -82.6626 28.5149
26470 -0.9946 0.0571 0.0317 -0.9155 -0.0610 -4.6692 1.5867 0.0000 2.0000 28.5149
26496 -0.9985 0.0537 0.0313 -1.5869 -0.3967 -4.1199 1.5867 0.0000 2.0000 28.4909
26522 -0.9980 0.0518 0.0342 -0.0916 0.1221 -0.6409 1.5867 0.0000 2.0000 28.4730
26548 -0.9980 0.0527 0.0303 -0.4272 0.2136 -0.2441 1.5867 0.0000 2.0000 28.5029
26574 -0.9980 0.0537 0.0322 -0.3357 0.0610 -0.8240 2.8207 103.3091 -81.4696 28.4969
26605 -0.9985 0.0522 0.0352 -0.7324 -0.0916 -2.3193 2.8207 0.0000 2.0000 28.5119
26631 -0.9985 0.0518 0.0332 -0.8545 0.0305 -2.6550 2.8207 0.0000 2.0000 28.5269
26657 -0.9985 0.0503 0.0313 -0.4272 0.1221 -1.0071 2.8207 0.0000 2.0000 28.5029
26683 -0.9966 0.0522 0.0308 -0.0610 0.1831 0.0916 2.6444 102.7802 -81.2991 28.5119
26711 -0.9971 0.0508 0.0366 -1.0681 -0.1221 -2.8381 2.6444 0.0000 2.0000 28.5029
26737 -0.9990 0.0459 0.0308 -0.5188 0.0916 -2.3804 2.6444 0.0000 2.0000 28.5119
26763 -0.9995 0.0479 0.0352 -0.3967 0.1831 -0.1221 2.6444 0.0000 2.0000 28.5029
26792 -0.9941 0.0464 0.0337 -0.3052 0.0000 -1.6174 2.6444 0.0000 2.0000 28.5209
26818 -1.0005 0.0464 0.0332 -1.0071 0.0000 -2.7466 4.5837 103.6617 -80.7878 28.5119
26846 -0.9976 0.0483 0.0317 -0.3357 0.0916 -0.4272 4.5837 0.0000 2.0000 28.5089
26872 -0.9995 0.0459 0.0347 -0.5188 -0.0916 -1.1902 4.5837 0.0000 2.0000 28.5179
26898 -0.9990 0.0439 0.0317 -0.7324 0.0000 -2.5635 4.5837 0.0000 2.0000 28.5089
26925 -1.0005 0.0449 0.0298 -0.3662 0.1221 -0.8545 4.5837 0.0000 2.0000 28.5089
26953 -0.9980 0.0464 0.0396 -0.5493 0.1221 -1.2207 4.0548 103.8380 -82.6626 28.4969
26981 -0.9985 0.0444 0.0332 -0.6104 0.0610 -2.4414 4.0548 0.0000 2.0000 28.5149
27008 -0.9990 0.0454 0.0322 -0.4578 0.0916 -1.3428 4.0548 0.0000 2.0000 28.5089
27033 -0.9976 0.0444 0.0337 -0.3662 0.0916 -0.9155 4.0548 0.0000 2.0000 28.5119
27060 -0.9985 0.0410 0.0332 -0.6409 0.0610 -1.9836 2.8207 103.3091 -81.8104 28.5179
27087 -0.9985 0.0425 0.0337 -0.6409 0.0000 -1.7700 2.8207 0.0000 2.0000 28.5179
27116 -0.9980 0.0400 0.0317 -0.3357 0.0610 -0.8545 2.8207 0.0000 2.0000 28.4969
27143 -0.9985 0.0410 0.0371 -0.6104 -0.0305 -1.6785 2.8207 0.0000 2.0000 28.4969
27168 -0.9990 0.0391 0.0337 -0.4883 0.0916 -1.7395 2.8207 0.0000 2.0000 28.5059
27195 -0.9971 0.0400 0.0337 -0.4883 0.0305 -1.0071 4.7600 104.5432 -81.6400 28.5209
27223 -0.9961 0.0400 0.0352 -0.4883 0.0000 -1.4954 4.7600 0.0000 2.0000 28.5089
27248 -1.0010 0.0381 0.0322 -0.5798 0.0610 -1.7395 4.7600 0.0000 2.0000 28.5119
27278 -1.0000 0.0386 0.0332 -0.5188 0.1831 -1.2207 4.7600 0.0000 2.0000 28.5149
27304 -0.9966 0.0366 0.0327 -0.3967 0.1831 -1.3428 4.7600 0.0000 2.0000 28.5089
27330 -0.9985 0.0371 0.0347 -0.6104 0.0000 -1.6479 3.8785 103.3091 -83.1740 28.4969
27358 -0.9976 0.0376 0.0327 -0.4272 0.0916 -1.3123 3.8785 0.0000 2.0000 28.5149
27383 -0.9995 0.0361 0.0356 -0.4883 0.0305 -1.1902 3.8785 0.0000 2.0000 28.4999
27410 -1.0005 0.0356 0.0342 -0.5493 -0.0305 -1.6479 3.8785 0.0000 2.0000 28.5209
27440 -0.9985 0.0342 0.0332 -0.2441 0.1831 -0.6714 3.3496 104.8958 -81.9809 28.5089
27467 -0.9971 0.0352 0.0386 -0.3052 0.0916 -0.5188 3.3496 0.0000 2.0000 28.5179
27493 -0.9990 0.0356 0.0327 -0.3357 0.0305 -1.1597 3.3496 0.0000 2.0000 28.5089
27520 -0.9990 0.0342 0.0327 -0.3662 -0.0610 -0.5493 3.3496 0.0000 2.0000 28.4969
27545 -0.9976 0.0361 0.0337 -0.2136 0.0610 -0.3662 3.3496 0.0000 2.0000 28.5059
27572 -0.9971 0.0337 0.0352 -0.3357 0.0916 -0.6409 3.7022 102.7802 -83.3444 28.5029
27716 -0.9976 0.0337 0.0332 -0.3052 0.1221 -0.5493 4.4074 104.8958 -81.6400 28.5119
27944 -0.9971 0.0317 0.0322 -0.2747 0.2136 -0.2441 4.0548 104.1906 -83.0035 28.5119
28136 -0.9971 0.0293 0.0342 -0.3052 0.1221 -0.3967 4.4074 103.8380 -81.2991 28.5089
28163 -0.9985 0.0283 0.0347 -0.3052 0.0916 -0.6714 4.4074 0.0000 2.0000 28.5059
28189 -0.9985 0.0278 0.0347 -0.5493 0.0000 -1.8311 4.4074 0.0000 2.0000 28.5209
28215 -0.9976 0.0283 0.0347 -0.3967 0.0916 -0.8545 3.5259 104.3669 -82.4922 28.5269
28267 -0.9985 0.0278 0.0337 -0.4578 -0.0305 -1.4343 3.5259 0.0000 2.0000 28.5329
28305 -0.9976 0.0264 0.0313 -0.4272 0.0610 -1.1597 3.5259 0.0000 2.0000 28.5149
28331 -0.9985 0.0259 0.0347 -0.3967 0.0916 -1.0986 3.3496 104.8958 -81.9809 28.5269
28358 -0.9985 0.0264 0.0366 -0.4578 0.0610 -1.4343 3.3496 0.0000 2.0000 28.5209
28384 -0.9990 0.0269 0.0386 -0.3967 0.1221 -1.1292 3.3496 0.0000 2.0000 28.5239
28410 -0.9971 0.0244 0.0376 -0.4883 0.1221 -1.0376 3.3496 0.0000 2.0000 28.5179
28436 -0.9976 0.0234 0.0332 -0.3967 0.0610 -1.2817 3.3496 0.0000 2.0000 28.5059
28465 -0.9971 0.0259 0.0352 -0.4272 0.0305 -1.2207 3.5259 105.0721 -82.8331 28.5209
28492 -0.9976 0.0215 0.0371 -0.4272 0.0916 -1.4038 3.5259 0.0000 2.0000 28.5209
28519 -1.0439 0.1313 0.0020 2.7466 -2.9602 -9.7961 3.5259 0.0000 2.0000 28.5059
28545 -0.9995 0.0186 0.0386 2.7466 0.0916 4.0283 3.5259 0.0000 2.0000 28.5299
28570 -0.9961 0.0234 0.0352 -1.4648 -0.7324 0.4578 3.5259 0.0000 2.0000 28.5239
28597 -1.0000 0.0210 0.0352 0.3967 0.0000 -2.3499 4.5837 105.0721 -82.8331 28.5269
28627 -0.9976 0.0190 0.0435 -0.4883 0.1526 0.0610 4.5837 0.0000 2.0000 28.5269
28653 -0.9971 0.0220 0.0376 -0.3967 0.0610 -0.4272 4.5837 0.0000 2.0000 28.5209
28679 -0.9976 0.0190 0.0356 -0.2441 -0.0305 -1.3733 4.5837 0.0000 2.0000 28.5149
28705 -0.9985 0.0215 0.0327 -0.5188 0.0916 -0.9766 4.5837 0.0000 2.0000 28.5149
28731 -0.9976 0.0210 0.0386 -0.1831 0.1221 -0.7019 4.2311 104.3669 -82.1513 28.5119
28759 -1.0000 0.0210 0.0342 -0.4272 0.0000 -1.0376 4.2311 0.0000 2.0000 28.5329
28787 -0.9995 0.0176 0.0371 -0.3967 0.1526 -1.0376 4.2311 0.0000 2.0000 28.5269
28814 -0.9990 0.0176 0.0371 -0.4272 0.1221 -1.1597 4.2311 0.0000 2.0000 28.5029
28839 -0.9971 0.0171 0.0405 -0.5493 0.0916 -1.2817 5.2889 104.3669 -82.4922 28.4999
28867 -0.9980 0.0171 0.0356 -0.4272 0.1831 -1.0071 5.2889 0.0000 2.0000 28.5149
28893 -0.9985 0.0195 0.0317 -0.4272 0.0916 -0.8850 5.2889 0.0000 2.0000 28.5269
28919 -0.9990 0.0171 0.0366 -0.4883 0.0305 -1.4038 5.2889 0.0000 2.0000 28.5149
28949 -0.9976 0.0156 0.0386 -0.4578 0.1221 -1.1902 5.2889 0.0000 2.0000 28.5089
28975 -0.9985 0.0137 0.0396 -0.3967 0.0610 -0.6104 4.7600 104.5432 -82.3218 28.5389
29002 -0.9990 0.0161 0.0366 -0.4883 0.0916 -1.1292 4.7600 0.0000 2.0000 28.5059
29028 -1.0000 0.0161 0.0396 -0.4883 0.1526 -1.3123 4.7600 0.0000 2.0000 28.5179
29054 -0.9971 0.0137 0.0342 -0.3052 0.0610 -0.6104 4.7600 0.0000 2.0000 28.5269
29080 -0.9985 0.0137 0.0352 -0.3052 0.1221 -0.8240 4.7600 0.0000 2.0000 28.5179
29110 -0.9990 0.0122 0.0386 -0.4578 0.0610 -1.3428 4.7600 103.8380 -80.9582 28.5269
29137 -0.9990 0.0142 0.0317 -0.3967 0.1526 -0.5798 4.7600 0.0000 2.0000 28.5269
29163 -0.9976 0.0137 0.0337 -0.3052 0.1221 -0.6409 4.7600 0.0000 2.0000 28.5269
29189 -0.9985 0.0107 0.0366 -0.3662 -0.0916 -1.2207 4.7600 0.0000 2.0000 28.5059
29215 -1.0000 0.0132 0.0356 -0.3357 0.1526 -0.6714 5.8177 103.8380 -82.3218 28.4969
29243 -0.9971 0.0146 0.0371 -0.2747 0.1221 -0.4272 5.8177 0.0000 2.0000 28.5269
29268 -0.9995 0.0127 0.0361 -0.3662 0.0000 -0.8850 5.8177 0.0000 2.0000 28.5299
29298 -1.0000 0.0127 0.0347 -0.3662 0.1526 -0.6714 5.8177 0.0000 2.0000 28.5269
29324 -0.9980 0.0142 0.0366 -0.2136 0.0916 -0.4578 5.8177 0.0000 2.0000 28.5239
29350 -0.9995 0.0142 0.0381 -0.3052 0.0305 -0.5493 5.1126 103.4854 -81.9809 28.5359
29377 -1.0010 0.0127 0.0386 -0.3052 0.1221 -0.5493 5.1126 0.0000 2.0000 28.5209
29404 -0.9976 0.0132 0.0347 -0.2747 0.0916 -0.3967 5.1126 0.0000 2.0000 28.5329
29429 -0.9961 0.0127 0.0430 -0.3052 0.0916 -0.5493 5.1126 0.0000 2.0000 28.5269
29459 -1.0000 0.0103 0.0342 -0.3052 0.0305 -0.6104 5.1126 0.0000 2.0000 28.5329
29485 -0.9985 0.0137 0.0386 -0.2136 0.1831 -0.4883 5.6415 105.4247 -83.1740 28.5179
29512 -0.9990 0.0122 0.0371 -0.3052 0.1526 -0.5798 5.6415 0.0000 2.0000 28.5239
29539 -0.9966 0.0117 0.0376 -0.2747 0.0610 -0.4883 5.6415 0.0000 2.0000 28.5059
29564 -0.9990 0.0117 0.0371 -0.3052 0.1526 -0.4578 5.6415 0.0000 2.0000 28.5239
29590 -0.9971 0.0103 0.0352 -0.2441 0.1831 -0.4272 5.6415 0.0000 2.0000 28.5359
29620 -0.9966 0.0107 0.0396 -0.3662 -0.0305 -0.4272 5.4652 104.5432 -82.6626 28.5299
29647 -0.9976 0.0093 0.0376 -0.3052 0.0305 -0.3662 5.4652 0.0000 2.0000 28.5179
29673 -0.9990 0.0122 0.0366 -0.2441 0.0916 -0.4272 5.4652 0.0000 2.0000 28.5269
29700 -1.0000 0.0112 0.0356 -0.3662 0.0610 -0.4578 5.4652 0.0000 2.0000 28.5269
29725 -0.9971 0.0117 0.0376 -0.2747 0.1831 -0.3662 4.9363 105.0721 -82.4922 28.5209
29753 -0.9990 0.0103 0.0391 -0.2441 0.0916 -0.3662 4.9363 0.0000 2.0000 28.5419
29783 -0.9980 0.0112 0.0342 -0.2747 0.1221 -0.3052 4.9363 0.0000 2.0000 28.5389
29808 -0.9995 0.0132 0.0361 -0.2441 0.1221 -0.4272 4.9363 0.0000 2.0000 28.5508
29834 -0.9971 0.0112 0.0366 -0.2441 0.1221 -0.3662 4.9363 0.0000 2.0000 28.5299
29870 -0.9980 0.0112 0.0430 -0.2747 0.1221 -0.2747 6.6992 104.7195 -81.4696 28.5239
29907 -0.9980 0.0137 0.0366 -0.1831 0.1831 -0.3052 6.6992 0.0000 2.0000 28.5299
29933 -0.9980 0.0112 0.0400 -0.3052 0.0305 -0.2747 6.6992 0.0000 2.0000 28.5179
29963 -0.9990 0.0137 0.0352 -0.3357 0.1526 -0.2441 6.6992 0.0000 2.0000 28.5239
29988 -0.9980 0.0117 0.0405 -0.2136 0.2136 -0.2747 4.0548 103.8380 -82.3218 28.5209
30016 -0.9985 0.0127 0.0400 -0.2441 0.0916 -0.2747 4.0548 0.0000 2.0000 28.5239
30043 -1.0000 0.0112 0.0400 -0.3052 0.1526 -0.3357 4.0548 0.0000 2.0000 28.5269
30068 -0.9980 0.0107 0.0356 -0.3662 0.0610 -0.2136 4.0548 0.0000 2.0000 28.4939
30094 -0.9990 0.0103 0.0396 -0.3052 0.1526 -0.3662 4.0548 0.0000 2.0000 28.5119
30124 -0.9980 0.0127 0.0386 -0.2747 0.0916 -0.3052 4.5837 102.6039 -81.1287 28.5299
30151 -1.0000 0.0107 0.0352 -0.3052 -0.0305 -0.3357 4.5837 0.0000 2.0000 28.5359
30177 -0.9980 0.0083 0.0405 -0.3052 0.0000 -0.3357 4.5837 0.0000 2.0000 28.5119
30203 -1.0000 0.0117 0.0356 -0.2441 0.1526 -0.2747 4.5837 0.0000 2.0000 28.5299
30229 -0.9961 0.0107 0.0361 -0.2136 0.1526 -0.2747 5.2889 105.0721 -82.8331 28.5179
30257 -0.9966 0.0103 0.0396 -0.2441 0.0610 -0.3357 5.2889 0.0000 2.0000 28.5179
30283 -0.9961 0.0103 0.0376 -0.2747 0.1526 -0.2441 5.2889 0.0000 2.0000 28.5359
30312 -0.9976 0.0122 0.0327 -0.3052 0.1221 -0.3052 5.2889 0.0000 2.0000 28.5419
30339 -0.9980 0.0107 0.0400 -0.3052 -0.0610 -0.3052 5.2889 0.0000 2.0000 28.5059
30364 -0.9980 0.0117 0.0400 -0.3357 0.1831 -0.2441 4.4074 103.8380 -81.2991 28.5149
30392 -0.9995 0.0122 0.0322 -0.3357 0.0610 -0.1831 4.4074 0.0000 2.0000 28.5149
30417 -0.9971 0.0127 0.0381 -0.2441 0.0610 -0.3357 4.4074 0.0000 2.0000 28.5239
30444 -1.0000 0.0117 0.0376 -0.3052 0.0610 -0.3357 4.4074 0.0000 2.0000 28.5179
30474 -0.9985 0.0112 0.0366 -0.1831 0.1831 -0.2747 4.4074 0.0000 2.0000 28.5359
30499 -0.9971 0.0107 0.0400 -0.2441 0.1526 -0.2747 5.6415 103.6617 -81.4696 28.5329
30527 -1.0005 0.0112 0.0386 -0.3662 0.0916 -0.3662 5.6415 0.0000 2.0000 28.5359
30553 -0.9990 0.0117 0.0347 -0.2136 0.1526 -0.2441 5.6415 0.0000 2.0000 28.5329
30579 -1.0000 0.0122 0.0308 -0.2441 0.0916 -0.2136 5.6415 0.0000 2.0000 28.5269
30605 -0.9980 0.0112 0.0342 -0.2747 0.0916 -0.2747 5.6415 0.0000 2.0000 28.5239
30635 -1.0015 0.0117 0.0386 -0.3662 0.1526 -0.3052 4.5837 104.3669 -82.8331 28.5239
30662 -0.9971 0.0103 0.0347 -0.2747 0.1221 -0.2136 4.5837 0.0000 2.0000 28.5449
30688 -0.9985 0.0132 0.0317 -0.3052 0.2136 -0.3357 4.5837 0.0000 2.0000 28.5359
30714 -0.9995 0.0107 0.0396 -0.2747 0.1221 -0.3967 4.5837 0.0000 2.0000 28.5299
30740 -0.9976 0.0112 0.0425 -0.3052 0.1526 -0.3967 5.2889 102.6039 -81.8104 28.5209
30768 -0.9990 0.0112 0.0371 -0.3052 0.1526 -0.3357 5.2889 0.0000 2.0000 28.5149
30797 -0.9976 0.0117 0.0415 -0.2747 0.1221 -0.2441 5.2889 0.0000 2.0000 28.5478
30823 -0.9980 0.0103 0.0356 -0.3662 0.1831 -0.2747 5.2889 0.0000 2.0000 28.5329
30850 -0.9971 0.0107 0.0400 -0.3052 0.0000 -0.2747 5.2889 0.0000 2.0000 28.5269
30875 -0.9980 0.0112 0.0410 -0.2747 0.1831 -0.3662 5.2889 104.0143 -83.1740 28.5209
30903 -0.9985 0.0103 0.0347 -0.2136 0.1221 -0.3052 5.2889 0.0000 2.0000 28.5329
30928 -1.0005 0.0107 0.0337 -0.2136 0.2136 -0.2747 5.2889 0.0000 2.0000 28.5149
30958 -0.9980 0.0112 0.0356 -0.1526 0.0305 -0.2441 5.2889 0.0000 2.0000 28.5299
30985 -0.9980 0.0122 0.0371 -0.3662 0.1831 -0.3357 5.2889 0.0000 2.0000 28.5269
31010 -0.9980 0.0093 0.0337 -0.3052 0.0610 -0.2136 6.1703 103.8380 -82.6626 28.5359
31038 -0.9990 0.0142 0.0376 -0.2441 0.0916 -0.2747 6.1703 0.0000 2.0000 28.5209
31064 -1.0005 0.0083 0.0386 -0.2441 0.1526 -0.1526 6.1703 0.0000 2.0000 28.5239
31090 -0.9980 0.0127 0.0342 -0.2747 0.2441 -0.2747 6.1703 0.0000 2.0000 28.5329
31116 -0.9980 0.0107 0.0313 -0.2747 0.1221 -0.2441 6.1703 0.0000 2.0000 28.5089
31140 -0.9980 0.0093 0.0386 -0.2136 0.0916 -0.3052 5.1126 104.1906 -82.6626 28.5119
31168 -0.9985 0.0107 0.0371 -0.2441 0.0916 -0.2747 5.1126 0.0000 2.0000 28.5299
31194 -0.9990 0.0112 0.0376 -0.2747 0.1831 -0.2441 5.1126 0.0000 2.0000 28.5209
31220 -0.9995 0.0122 0.0376 -0.2441 0.0610 -0.2747 5.1126 0.0000 2.0000 28.5269
31246 -0.9990 0.0122 0.0322 -0.3052 0.1526 -0.2136 5.8177 103.4854 -82.6626 28.5209
31273 -0.9980 0.0103 0.0376 -0.3052 0.1831 -0.3052 5.8177 0.0000 2.0000 28.5389
31303 -0.9990 0.0098 0.0386 -0.2441 0.1221 -0.2441 5.8177 0.0000 2.0000 28.5329
31329 -0.9980 0.0142 0.0356 -0.2747 0.0610 -0.3357 5.8177 0.0000 2.0000 28.5119
31355 -0.9995 0.0107 0.0391 -0.2136 0.0610 -0.2747 5.8177 0.0000 2.0000 28.5299
31381 -0.9976 0.0127 0.0386 -0.2747 0.0610 -0.2136 4.9363 105.0721 -82.1513 28.5329
31409 -0.9995 0.0132 0.0376 -0.2747 0.2441 -0.3967 4.9363 0.0000 2.0000 28.5419
31435 -1.0020 0.0112 0.0381 -0.2441 -0.1221 -0.3357 4.9363 0.0000 2.0000 28.5119
31474 -0.9976 0.0122 0.0337 -0.2747 0.3662 -0.2136 4.9363 0.0000 2.0000 28.5299
31512 -0.9976 0.0137 0.0464 -0.2441 0.0610 -0.3357 4.9363 104.3669 -82.1513 28.5299
31540 -0.9980 0.0098 0.0400 -0.3662 0.1831 -0.3052 4.9363 0.0000 2.0000 28.5419