412 0.03 0.22 0.97 2.30 1.07 0.62 4.94 43.72 -19.77 29.55
492 0.02 0.24 0.97 1.36 1.08 0.05 4.76 43.54 -20.28 29.55
572 0.02 0.24 0.96 -2.45 -1.13 -2.56 4.76 43.54 -20.28 29.54
652 0.03 0.23 0.96 -0.21 0.14 -0.75 4.76 44.25 -20.96 29.55
732 0.02 0.22 0.96 -1.47 -0.05 -1.27 4.76 44.25 -20.96 29.51
812 0.03 0.23 0.96 0.42 0.04 0.32 5.99 44.43 -21.13 29.55
892 0.03 0.23 0.96 -2.24 -1.17 -2.26 4.76 44.25 -20.96 29.52
972 0.02 0.24 0.96 -3.15 -1.94 -3.50 4.76 44.25 -20.96 29.52
1052 0.01 0.23 0.97 -0.18 0.25 -0.35 5.29 45.13 -20.79 29.55
1132 0.01 0.24 0.97 0.21 1.02 1.14 4.41 45.66 -21.30 29.54
1212 0.02 0.24 0.96 0.43 0.48 0.18 4.41 45.66 -21.30 29.54
1292 0.03 0.22 0.96 0.18 0.07 -0.11 4.58 43.72 -22.16 29.52
1372 0.03 0.23 0.96 2.07 1.15 1.97 4.58 43.72 -22.16 29.52
1452 0.01 0.25 0.97 -1.59 -1.15 -0.93 5.47 44.25 -21.30 29.53
1532 0.02 0.22 0.96 -0.92 0.02 0.19 4.41 43.54 -21.65 29.56
1612 0.02 0.24 0.96 0.12 0.02 0.24 4.41 43.54 -21.65 29.54
1692 0.03 0.23 0.96 -1.38 -0.74 -0.93 5.11 45.66 -20.96 29.53
1772 0.03 0.24 0.96 -0.02 -0.08 0.66 5.82 44.25 -20.96 29.54
1852 0.03 0.23 0.96 0.92 0.80 0.07 5.82 44.25 -20.96 29.53
1932 0.02 0.24 0.96 0.15 0.08 -0.18 5.11 44.25 -21.30 29.53
2012 0.04 0.22 0.95 -1.76 -1.19 -1.91 4.23 44.07 -20.79 29.51
2092 0.03 0.24 0.95 1.37 0.77 1.59 4.23 44.07 -20.79 29.52
2172 0.03 0.23 0.96 1.01 1.41 1.45 4.41 44.25 -19.60 29.55
2252 0.02 0.24 0.96 -0.59 -0.08 -0.83 4.41 44.25 -19.60 29.52
2332 0.02 0.23 0.96 -1.00 0.02 -0.18 4.05 44.25 -20.96 29.53
2412 0.03 0.23 0.96 0.99 0.11 0.97 3.88 45.48 -20.79 29.54
2492 0.02 0.24 0.96 -0.94 0.12 -0.66 3.88 45.48 -20.79 29.54
2572 0.02 0.23 0.96 -0.43 0.39 -0.72 4.76 44.25 -21.99 29.53
2652 0.03 0.23 0.96 -0.15 0.00 -0.11 5.11 46.01 -21.65 29.53
2732 0.03 0.24 0.96 1.41 0.75 1.15 5.11 46.01 -21.65 29.55
2812 0.02 0.23 0.96 -0.66 -0.08 -0.50 5.29 44.78 -20.45 29.50
2892 0.03 0.23 0.96 -1.11 0.08 -0.84 5.29 44.78 -20.45 29.52
2972 0.03 0.22 0.95 -0.24 0.08 -0.83 4.41 44.60 -20.96 29.55
3052 0.03 0.23 0.96 -0.40 -0.24 -0.56 5.29 44.78 -20.11 29.53
3132 0.02 0.25 0.97 -0.72 -0.72 -0.53 5.29 44.78 -20.11 29.52
3212 0.04 0.23 0.95 1.89 -3.05 -2.68 5.64 45.13 -22.16 29.53
3292 0.03 0.21 0.98 -1.58 -1.71 -0.85 4.05 43.54 -21.30 29.52
3372 0.02 0.23 0.97 0.26 0.37 1.46 4.05 43.54 -21.30 29.52
3452 0.03 0.23 0.97 1.46 -0.37 0.72 4.58 44.43 -21.13 29.55
3532 0.04 0.21 0.96 -3.81 -1.98 -0.34 5.11 45.31 -21.30 29.54
3612 0.07 0.21 0.95 -4.03 -3.62 -6.00 5.11 45.31 -21.30 29.54
3692 0.04 0.21 0.96 0.12 -0.12 0.40 4.41 44.25 -21.30 29.56
3772 0.02 0.23 0.97 1.00 -0.81 0.05 4.41 44.25 -21.30 29.55
3852 0.02 0.22 0.96 -0.07 -1.33 -0.09 5.99 43.37 -21.82 29.54
3932 -0.12 0.22 1.06 15.94 7.45 7.97 3.88 43.02 -20.79 29.54
4012 0.06 0.29 0.92 11.09 -7.34 -8.90 3.88 43.02 -20.79 29.54
4092 0.05 0.30 0.91 13.75 0.27 -1.13 1.41 44.07 -19.43 29.52
4172 -0.03 0.31 0.98 21.80 -2.34 4.05 0.53 44.60 -20.62 29.54
4252 0.01 0.39 0.93 17.44 -1.01 -1.68 0.53 44.60 -20.62 29.54
4332 0.07 0.35 0.91 18.97 2.74 5.61 -1.06 42.31 -20.79 29.55
4412 0.08 0.44 0.89 22.79 -6.00 -18.11 -1.06 42.31 -20.79 29.55
4492 -0.06 0.58 0.92 49.73 -12.09 -27.33 -2.64 43.90 -20.28 29.55
4572 0.11 0.55 0.85 48.32 -9.25 -28.37 -9.52 43.72 -22.84 29.56
4652 0.00 0.51 0.83 39.14 2.34 -21.00 -9.52 43.72 -22.84 29.52
4732 0.03 0.61 0.78 32.20 -2.74 -14.31 -13.93 43.19 -22.67 29.52
4812 0.03 0.58 0.78 25.06 6.01 -4.06 -17.81 41.08 -24.71 29.55
4892 0.03 0.63 0.66 37.75 -17.44 -19.03 -17.81 41.08 -24.71 29.54
4972 -0.17 0.89 0.76 44.07 -0.41 -24.16 -22.39 41.78 -26.42 29.54
5052 -0.00 0.79 0.65 37.25 -2.25 -26.72 -22.39 41.78 -26.42 29.56
5132 -0.15 0.75 0.66 25.11 2.20 -29.45 -28.21 42.31 -30.00 29.54
5212 -0.11 0.74 0.58 23.41 -17.64 -19.64 -31.20 45.31 -31.53 29.55
5292 -0.09 0.87 0.49 25.19 -8.96 -13.20 -31.20 45.31 -31.53 29.55
5372 -0.16 0.79 0.50 41.70 -20.87 -24.35 -35.08 45.66 -35.28 29.54
5452 -0.20 1.07 0.42 34.62 -12.25 -30.24 -39.49 46.89 -39.20 29.55
5532 -0.14 0.91 0.34 36.54 -7.90 -32.65 -39.49 46.89 -39.20 29.56
5612 -0.17 1.03 0.28 42.82 -10.12 -11.20 -41.96 48.66 -41.93 29.54
5692 -0.22 0.88 0.37 19.78 -8.06 0.89 -43.90 49.54 -43.80 29.56
5772 -0.17 0.98 0.26 30.71 -8.63 -4.35 -43.90 49.54 -43.80 29.55
5852 -0.20 0.94 0.21 16.59 -1.34 -2.33 -44.43 49.01 -47.38 29.55
5932 -0.18 0.97 0.19 3.70 -1.05 -2.58 -44.43 49.01 -47.38 29.56
6012 -0.18 0.98 0.20 7.94 -2.34 3.91 -46.37 48.83 -48.92 29.55
6092 -0.18 0.97 0.19 -6.22 -1.21 -1.37 -46.19 49.36 -48.40 29.58
6172 -0.19 0.98 0.21 -17.46 -3.95 -6.56 -46.19 49.36 -48.40 29.55
6252 -0.18 0.97 0.23 -17.72 -3.97 -3.36 -45.84 46.89 -49.43 29.57
6332 -0.19 0.94 0.27 -20.59 -16.01 3.36 -42.13 48.83 -45.85 29.58
6412 -0.15 0.94 0.30 -24.04 6.03 5.85 -42.13 48.83 -45.85 29.58
6492 -0.17 0.94 0.32 -12.60 -0.72 -8.31 -42.31 46.54 -44.65 29.60
6572 -0.17 1.03 0.31 -36.92 2.30 -21.08 -42.31 46.54 -44.65 29.56
6652 -0.28 0.84 0.43 -21.77 2.72 5.84 -41.96 47.60 -42.27 29.58
6732 -0.16 0.92 0.43 -57.73 -17.31 -12.70 -40.37 48.48 -39.03 29.59
6812 -0.19 0.85 0.47 -91.50 4.31 9.59 -40.37 48.48 -39.03 29.58
6892 -0.16 0.80 0.63 -53.72 -11.83 18.65 -34.73 48.13 -34.26 29.57
6972 -0.14 0.71 0.63 -41.42 3.71 14.87 -29.44 47.78 -29.83 29.59
7052 -0.09 0.70 0.64 -38.09 -7.17 -3.13 -29.44 47.78 -29.83 29.58
7132 -0.17 0.69 0.73 -34.73 1.28 -1.83 -25.03 45.84 -27.27 29.60
7212 -0.12 0.57 0.77 -47.34 7.30 31.36 -21.86 46.54 -25.57 29.58
7292 -0.73 0.80 1.15 -114.05 -34.86 -133.74 -21.86 46.54 -25.57 29.59
7372 -0.10 0.44 0.86 -31.59 33.59 73.32 -15.51 44.43 -24.20 29.58
7452 -0.07 0.46 0.86 -12.26 12.18 27.26 -15.51 44.43 -24.20 29.59
7532 0.07 0.62 0.75 -44.44 -88.87 52.84 -10.75 43.90 -20.96 29.59
7612 -0.14 0.32 0.99 -23.95 50.74 101.06 -7.05 45.13 -21.48 29.61
7692 0.08 0.18 0.92 -43.02 -9.95 4.43 -7.05 45.13 -21.48 29.58
7772 0.17 0.15 0.87 -41.71 -2.82 34.24 -1.76 45.13 -21.13 29.58
7852 0.11 0.14 0.95 -67.62 -16.59 -72.40 3.00 40.72 -22.67 29.59
7932 -0.09 0.45 0.95 -30.52 -58.35 -61.34 3.00 40.72 -22.67 29.59
8012 0.08 -0.13 0.96 -9.06 -8.45 7.50 7.58 38.61 -23.01 29.58
8092 0.06 -0.02 0.95 10.17 2.93 21.29 7.58 38.61 -23.01 29.60
8172 0.14 0.48 0.96 -30.08 1.64 70.79 9.87 38.78 -22.84 29.60
8252 -0.03 0.13 0.99 1.81 -13.43 25.19 7.93 40.37 -21.65 29.62
8332 0.25 0.18 0.90 0.71 -0.86 10.05 7.93 40.37 -21.65 29.59
8412 0.01 -0.01 0.99 6.69 16.68 27.69 8.46 39.84 -23.18 29.59
8492 -0.06 0.18 1.04 16.67 21.32 70.43 10.75 42.84 -22.33 29.59
8572 -0.03 0.05 0.99 3.57 31.20 63.69 10.75 42.84 -22.33 29.59
8652 -0.07 0.14 0.99 -32.27 -4.76 36.80 12.16 48.13 -23.69 29.62
8732 -0.05 0.13 0.92 -11.57 21.72 50.93 12.16 50.24 -21.65 29.60
8812 -0.13 0.10 1.05 -37.34 -27.60 1.99 12.16 50.24 -21.65 29.60
8892 -0.13 -0.13 0.94 -59.14 -8.51 16.93 15.87 54.30 -21.82 29.60
8972 0.03 -0.01 0.92 -39.96 21.32 6.27 15.87 54.30 -21.82 29.60
9052 -0.01 -0.04 0.95 -48.74 14.99 -0.31 21.16 53.59 -25.57 29.59
9132 -0.12 -0.28 0.94 -65.54 -2.40 17.80 25.21 56.94 -26.76 29.61
9212 -0.12 -0.18 0.94 -31.34 24.01 39.10 25.21 56.94 -26.76 29.60
9292 -0.13 -0.27 0.92 -13.79 19.55 30.29 27.85 59.24 -28.97 29.60
9372 -0.24 -0.29 0.95 -51.84 5.58 -19.48 31.91 62.94 -32.55 29.60
9452 -0.14 -0.59 0.82 -70.89 -3.53 -63.44 31.91 62.94 -32.55 29.60
9532 -0.19 -0.39 0.87 -62.11 30.27 -42.84 37.90 57.65 -37.67 29.58
9612 -0.05 -0.53 0.77 -56.36 -9.37 -70.23 37.90 57.65 -37.67 29.60
9692 -0.04 -0.63 0.75 -27.09 6.41 -2.44 41.61 56.06 -43.29 29.61
9772 -0.14 -0.72 0.73 -39.60 -4.80 1.27 43.02 54.65 -47.04 29.59
9852 -0.20 -0.75 0.73 -40.58 17.62 33.35 43.02 54.65 -47.04 29.60
9932 -0.15 -0.68 0.57 -43.60 46.65 47.97 46.89 56.06 -52.50 29.57
10012 -0.33 -0.74 0.64 -38.55 -10.25 -0.89 47.25 59.94 -54.54 29.58
10092 -0.11 -0.71 0.50 -79.66 25.05 -1.64 47.25 59.94 -54.54 29.59
10172 -0.29 -0.80 0.55 -52.38 4.67 -15.56 48.83 62.58 -59.48 29.60
10252 -0.11 -0.86 0.36 -33.62 -14.82 -22.61 48.83 62.58 -59.48 29.59
10332 -0.16 -0.91 0.37 -23.83 11.32 -4.07 49.36 57.82 -65.79 29.60
10412 -0.12 -0.90 0.37 -13.85 0.05 -29.50 50.60 55.89 -69.37 29.60
10492 -0.11 -0.99 0.30 -14.34 9.25 8.00 50.60 55.89 -69.37 29.59
10572 -0.11 -1.05 0.22 -6.16 -1.09 9.50 48.13 55.53 -70.39 29.59
10652 -0.13 -0.98 0.28 -14.40 7.75 -3.87 48.13 53.42 -72.78 29.61
10732 -0.08 -0.92 0.27 -8.74 -3.50 -8.87 48.13 53.42 -72.78 29.60
10812 -0.10 -0.99 0.23 -13.04 5.11 2.83 48.48 51.30 -73.80 29.59
10892 -0.08 -0.96 0.22 -10.66 0.65 -5.27 50.42 52.54 -73.63 29.60
10972 -0.16 -0.99 0.24 4.07 -6.00 6.20 50.42 52.54 -73.63 29.61
11052 -0.11 -0.94 0.23 0.21 -1.23 11.67 48.66 53.24 -74.31 29.62
11132 -0.20 -0.95 0.25 8.14 0.66 10.45 48.66 53.24 -74.31 29.61
11212 -0.14 -0.99 0.22 3.97 9.67 16.46 48.83 55.18 -74.14 29.59
11292 -0.21 -1.02 0.23 43.58 -8.48 7.18 48.66 56.06 -73.29 29.62
11372 -0.16 -0.88 0.30 62.58 0.00 15.16 48.66 56.06 -73.29 29.61
11452 -0.30 -0.81 0.59 46.40 16.37 17.51 49.19 58.00 -67.32 29.61
11532 -0.21 -0.91 0.42 66.49 -20.83 10.98 48.83 58.35 -61.19 29.61
11612 -0.21 -0.89 0.43 56.73 -21.68 7.01 48.83 58.35 -61.19 29.61
11692 -0.19 -0.78 0.55 51.52 -31.65 -13.70 47.25 58.53 -58.63 29.62
11772 -0.18 -0.56 0.81 63.44 -27.59 -37.64 47.25 58.53 -58.63 29.62
11852 -0.00 -0.69 0.66 75.18 -44.47 -28.77 46.54 55.71 -49.77 29.61
11932 0.09 -0.66 0.65 65.16 -30.35 -33.81 41.96 51.13 -44.31 29.61
12012 -0.03 -0.52 0.85 75.09 -40.60 -44.84 41.96 51.13 -44.31 29.62
12092 0.08 -0.37 0.94 70.03 -3.63 -35.10 36.67 43.72 -37.84 29.63
12172 0.27 -0.26 0.82 65.57 -2.37 -25.79 29.79 37.90 -33.58 29.61
12252 0.22 -0.15 0.93 29.46 1.35 -32.65 29.79 37.90 -33.58 29.62
12332 0.15 -0.04 1.03 37.71 4.25 -19.50 23.98 39.14 -31.02 29.60
12412 0.28 0.01 0.95 75.55 7.64 -26.92 20.10 37.02 -27.61 29.61
12492 0.28 0.03 0.89 57.13 16.84 -9.59 20.10 37.02 -27.61 29.59
12572 0.18 0.22 1.01 33.13 -0.05 2.31 13.40 36.32 -25.91 29.62
12652 0.04 0.14 1.02 14.82 16.29 3.05 13.40 36.32 -25.91 29.63
12732 0.19 0.15 0.94 -0.55 0.82 -15.34 11.11 40.37 -24.37 29.62
12812 0.18 0.18 0.97 -4.00 10.82 -9.08 13.05 39.14 -23.18 29.62
12892 0.11 0.11 1.01 -15.60 11.99 -3.50 13.05 39.14 -23.18 29.62
12972 0.05 0.11 0.99 -12.83 2.69 -1.03 10.23 40.90 -23.18 29.63
13052 0.11 -0.02 0.98 -3.36 35.03 10.98 13.22 42.13 -22.33 29.62
13132 -0.05 0.08 0.95 4.61 56.68 22.58 13.22 42.13 -22.33 29.62
13212 -0.16 0.08 1.03 26.95 78.50 62.97 12.52 47.07 -22.67 29.62
13292 -0.17 0.00 0.98 29.81 51.29 14.70 12.52 47.07 -22.67 29.62
13372 -0.27 0.07 0.98 16.80 -3.58 -47.02 12.16 53.77 -20.28 29.62
13452 -0.16 0.28 1.20 43.58 40.22 -35.46 10.40 55.18 -20.28 29.65
13532 -0.18 0.35 0.97 -3.07 20.45 -23.71 10.40 55.18 -20.28 29.63
13612 -0.30 0.08 0.88 -4.01 22.88 7.99 9.70 56.24 -20.96 29.63
13692 -0.50 0.23 1.06 6.94 65.94 -11.83 7.23 60.47 -19.26 29.63
13772 -0.38 0.20 0.86 -9.10 58.59 -16.61 7.23 60.47 -19.26 29.62
13852 -0.63 0.08 0.85 19.03 68.99 0.56 9.70 68.23 -20.62 29.63
13932 -0.98 0.10 0.91 -20.41 108.42 -20.71 10.58 77.22 -23.18 29.60
14012 -0.69 0.06 0.68 -21.09 49.39 -18.10 10.58 77.22 -23.18 29.62
14092 -0.78 -0.03 0.67 -35.07 58.93 2.85 13.57 81.98 -28.12 29.63
14172 -0.87 -0.01 0.72 -5.55 55.32 6.20 13.57 81.98 -28.12 29.62
14252 -0.74 -0.03 0.47 9.11 50.04 16.54 14.10 87.09 -30.34 29.62
14332 -0.76 -0.01 0.45 -5.72 60.00 11.81 14.28 91.85 -32.55 29.61
14412 -1.01 -0.03 0.44 -7.68 66.26 22.14 14.28 91.85 -32.55 29.62
14492 -1.09 -0.04 0.41 -6.71 62.64 12.28 14.10 95.55 -38.18 29.62
14572 -0.99 -0.01 0.32 0.22 36.00 8.37 14.63 99.25 -41.42 29.64
14652 -0.96 0.05 0.27 0.59 39.04 7.85 14.63 99.25 -41.42 29.64
14732 -0.99 0.04 0.21 7.27 21.61 17.44 13.93 101.37 -44.83 29.63
14812 -1.04 0.03 0.22 7.64 5.40 20.18 13.93 101.37 -44.83 29.63
14892 -0.96 0.13 0.19 3.35 11.86 16.33 11.46 102.08 -46.87 29.61
14972 -1.01 0.11 0.17 3.70 22.88 23.19 9.87 102.60 -47.72 29.63
15052 -0.97 0.20 0.13 -5.93 10.22 1.43 9.87 102.60 -47.72 29.63
15132 -1.01 0.14 0.16 -3.23 0.73 4.88 9.17 103.66 -49.09 29.63
15212 -0.93 0.17 0.12 0.08 -3.92 4.28 7.40 104.01 -48.75 29.64
15292 -1.00 0.17 0.15 1.63 -4.87 1.32 7.40 104.01 -48.75 29.62
15372 -0.92 0.19 0.15 -1.21 -14.21 -15.46 6.70 105.07 -47.72 29.62
15452 -0.95 0.15 0.16 -9.11 -4.07 -13.32 6.70 105.07 -47.72 29.62
15532 -1.00 0.12 0.18 -3.01 -0.92 -2.14 8.64 104.54 -48.23 29.63
15612 -0.98 0.11 0.19 -3.96 -7.87 -3.30 9.87 101.55 -47.38 29.65
15692 -1.14 0.08 0.33 1.48 -36.44 -8.93 9.87 101.55 -47.38 29.62
15772 -1.02 0.24 0.28 8.19 -34.84 -3.55 10.93 100.49 -45.34 29.63
15852 -1.03 0.01 0.35 -5.20 -11.19 2.53 11.28 98.02 -40.91 29.63
15932 -1.02 0.15 0.40 8.89 -23.62 1.46 11.28 98.02 -40.91 29.62
16012 -0.97 0.04 0.38 16.20 -79.65 11.22 10.58 96.96 -38.18 29.63
16092 -0.92 0.07 0.45 19.78 -66.55 4.06 8.81 92.03 -33.41 29.61
16172 -0.84 0.19 0.62 -4.83 -31.10 -4.36 8.81 92.03 -33.41 29.60
16252 -0.79 0.05 0.56 -17.73 -64.64 -7.87 7.23 88.68 -27.44 29.62
16332 -0.79 0.08 0.67 -3.01 -54.49 2.26 7.23 88.68 -27.44 29.63
16412 -0.78 0.19 0.76 -14.64 -34.82 4.68 8.46 83.21 -25.57 29.64
16492 -0.73 0.09 0.78 -10.51 -24.70 6.14 10.58 79.33 -25.22 29.63
16572 -0.67 -0.07 0.74 9.22 -47.24 -8.00 10.58 79.33 -25.22 29.61
16652 -0.55 0.13 0.80 -1.98 -58.99 -0.21 9.87 74.75 -23.18 29.63
16732 -0.09 0.32 0.71 -0.23 -92.81 -1.45 9.87 66.99 -22.16 29.62
16812 -0.39 0.03 0.86 -5.58 -115.85 -8.16 9.87 66.99 -22.16 29.65
16892 -0.42 0.09 1.00 -5.14 -52.98 -5.30 9.34 59.76 -20.28 29.64
16972 -0.37 -0.01 1.02 5.04 -78.28 2.92 9.34 59.76 -20.28 29.62
17052 -0.06 0.02 0.98 -13.99 -44.29 -10.15 10.40 54.48 -21.99 29.64
17132 -0.23 0.16 1.11 -9.71 -43.02 1.66 10.23 43.72 -22.16 29.64
17212 0.14 0.14 0.94 -5.35 -49.44 10.41 10.23 43.72 -22.16 29.64
17292 0.38 0.05 0.84 0.74 -55.47 -10.25 12.34 38.43 -25.22 29.64
17372 0.24 0.20 1.01 0.92 -10.61 -14.76 10.93 34.55 -26.59 29.63
17452 0.37 0.06 0.90 -8.57 -14.11 -15.75 10.93 34.55 -26.59 29.63
17532 0.20 0.04 0.97 -5.96 -1.48 9.80 9.70 32.26 -25.74 29.65
17612 0.28 0.08 0.94 7.10 7.67 23.38 11.28 32.09 -27.61 29.64
17692 0.29 0.12 0.93 8.60 9.71 27.79 11.28 32.09 -27.61 29.65
17772 0.18 0.05 0.96 -13.86 0.64 10.28 13.75 34.55 -27.61 29.64
17852 0.15 0.11 0.98 -45.58 -43.08 -20.26 13.75 34.55 -27.61 29.65
17932 0.31 -0.03 0.96 -9.54 -40.63 -12.72 13.93 33.67 -28.12 29.66
18012 0.33 0.07 0.95 -3.24 -30.71 7.54 15.34 30.50 -31.19 29.64
18092 0.33 0.08 0.92 8.76 -45.37 -48.26 15.34 30.50 -31.19 29.64
18172 0.42 0.05 0.87 14.52 -70.72 -77.55 12.52 25.56 -34.26 29.66
18252 0.64 0.16 0.72 -2.79 -47.66 135.52 9.52 19.75 -40.91 29.66
18332 0.71 -0.16 0.68 15.46 -23.41 228.73 9.52 19.75 -40.91 29.65
18412 0.45 -0.27 0.79 -38.46 -52.48 -250.00 28.38 29.09 -40.39 29.65
18492 0.75 0.18 0.71 49.55 -11.88 -108.07 28.38 29.09 -40.39 29.65
18572 0.73 0.12 0.64 35.52 1.08 249.99 7.05 14.10 -46.36 29.66
18652 0.66 -0.17 0.62 -15.49 -41.40 -37.45 18.86 18.16 -46.19 29.66
18732 0.63 0.02 0.66 -14.79 -62.41 -224.78 18.86 18.16 -46.19 29.65
18812 0.87 0.05 0.53 1.21 -37.54 2.59 9.52 11.99 -52.15 29.66
18892 0.85 0.13 0.46 -30.01 -32.55 11.58 6.52 10.40 -56.76 29.67
18972 0.74 0.24 0.56 12.27 -20.98 -11.25 6.52 10.40 -56.76 29.68
19052 0.92 0.05 0.75 12.83 3.24 76.98 8.81 10.93 -58.97 29.66
19132 0.91 0.12 0.46 20.58 -7.74 116.85 9.87 10.58 -62.38 29.68
19212 1.07 0.05 0.36 13.39 -23.61 54.17 9.87 10.58 -62.38 29.67
19292 0.95 0.01 0.41 -15.63 -25.22 -89.32 15.69 13.22 -61.19 29.66
19372 1.05 0.04 0.30 -8.92 -31.46 -19.20 15.69 13.22 -61.19 29.67
19452 0.97 0.08 0.33 -3.47 -29.61 -20.27 13.22 10.40 -64.94 29.67
19532 0.94 0.18 0.36 -16.17 22.18 5.05 12.34 10.58 -66.81 29.66
19612 1.01 -0.07 0.33 -8.32 3.59 -21.31 12.34 10.58 -66.81 29.69
19692 0.90 0.07 0.37 2.62 -3.49 14.06 12.87 8.64 -64.94 29.67
19772 1.04 0.08 0.26 -6.69 -6.94 -32.24 10.40 9.34 -65.62 29.67
19852 0.91 0.05 0.38 -9.51 -25.19 -52.80 10.40 9.34 -65.62 29.67
19932 0.91 0.07 0.30 -1.94 -17.71 -3.58 8.11 8.81 -66.13 29.69
20012 0.99 0.11 0.29 7.73 10.78 38.02 8.11 8.81 -66.13 29.67
20092 0.94 0.12 0.34 -1.31 9.74 -3.09 10.05 9.70 -68.00 29.68
20172 1.00 0.16 0.29 -1.78 5.02 -12.34 9.17 7.40 -66.81 29.68
20252 0.92 0.13 0.37 2.01 27.24 -8.61 9.17 7.40 -66.81 29.68
20332 0.92 0.15 0.39 1.39 -6.58 -42.37 7.23 9.70 -65.28 29.67
20412 0.88 0.11 0.38 -14.86 45.51 25.86 5.29 9.87 -63.74 29.69
20492 0.78 0.10 0.52 -15.43 60.55 -36.66 5.29 9.87 -63.74 29.67
20572 0.87 0.15 0.46 2.49 58.43 45.43 7.58 9.70 -58.80 29.67
20652 0.93 0.14 0.52 -4.94 19.87 -7.23 7.58 9.70 -58.80 29.68
20732 0.75 -0.01 0.56 -40.86 34.90 -87.81 8.81 11.99 -54.20 29.69
20812 0.64 0.24 0.75 3.51 83.93 50.29 6.17 13.57 -49.26 29.71
20892 0.54 0.02 0.74 13.25 84.29 64.76 6.17 13.57 -49.26 29.71
20972 0.58 0.06 0.80 19.26 78.91 -16.91 12.87 18.86 -41.76 29.69
21052 0.45 -0.01 0.80 -9.36 77.90 29.00 11.81 22.74 -35.62 29.69
21132 0.28 0.07 0.88 -8.44 82.31 -4.19 11.81 22.74 -35.62 29.67
21212 0.27 -0.04 0.80 37.01 112.56 4.18 13.05 29.62 -29.32 29.70
21292 0.17 0.02 0.96 -27.64 30.59 -52.01 12.16 36.14 -24.71 29.69
21372 0.08 0.04 0.96 -14.97 36.32 -28.08 12.16 36.14 -24.71 29.68
21452 -0.08 0.04 1.02 -7.46 39.12 -14.73 12.34 41.25 -23.18 29.71
21532 -0.09 0.08 1.03 -10.31 8.51 8.54 12.34 41.25 -23.18 29.69
21612 -0.14 0.00 1.02 -20.94 23.32 11.57 12.34 42.66 -23.18 29.69
21692 -0.13 -0.06 1.01 -6.43 5.81 -1.68 14.46 44.78 -23.52 29.69
21772 -0.03 -0.00 0.99 8.85 -17.08 -1.30 14.46 44.78 -23.52 29.69
21852 -0.01 0.03 1.00 8.65 -12.41 9.09 13.22 43.54 -21.99 29.70
21932 0.02 0.05 0.99 5.26 -5.08 4.78 14.10 43.37 -24.88 29.70
22012 -0.03 -0.00 1.01 -4.35 -5.27 -2.72 14.10 43.37 -24.88 29.68
22092 -0.03 0.00 1.00 2.70 0.18 11.70 15.34 44.60 -23.01 29.70
22172 -0.01 -0.02 0.98 -5.14 -1.40 -6.16 15.34 44.60 -23.01 29.68
22252 -0.00 -0.00 0.98 0.31 -5.33 0.00 11.99 42.31 -23.86 29.69
22332 0.03 0.01 0.97 7.76 1.42 10.24 14.28 43.19 -24.71 29.70
22412 -0.01 0.00 0.99 -3.13 1.10 -5.39 14.28 43.19 -24.71 29.69
22492 -0.02 0.03 1.00 3.23 -0.19 -1.27 13.93 42.13 -24.37 29.69
22572 0.00 0.03 1.00 6.10 1.45 2.29 13.22 44.25 -23.69 29.72
22652 -0.01 0.02 1.01 -2.52 2.14 -2.18 13.22 44.25 -23.69 29.70
22732 0.00 0.00 0.99 -0.10 -0.61 6.45 14.10 43.72 -23.86 29.69
22812 0.00 0.04 0.98 -1.54 -0.81 -4.66 15.16 42.66 -24.54 29.68
22892 0.02 -0.03 0.97 -1.14 -0.71 -3.03 15.16 42.66 -24.54 29.72
22972 0.01 0.03 0.99 2.52 -2.37 2.56 13.40 42.66 -23.18 29.71