412 0.06 0.04 0.99 0.50 1.98 -8.71 17.63 56.77 -21.82 28.89
492 0.05 0.06 1.02 0.40 0.29 -3.17 18.33 56.41 -21.48 28.92
572 0.05 0.04 0.99 -1.61 0.08 1.27 18.33 56.41 -21.48 28.90
652 0.05 0.03 0.98 -0.51 0.11 -0.91 18.69 56.41 -24.54 28.90
732 0.07 0.03 0.99 0.02 0.30 -0.67 18.69 56.41 -24.54 28.93
812 0.07 0.04 0.99 -0.14 -0.24 2.06 16.92 57.47 -23.18 28.93
892 0.06 0.04 0.99 -0.44 -2.05 3.53 19.39 56.06 -23.18 28.91
972 0.07 0.03 0.97 -0.77 -0.60 2.69 19.39 56.06 -23.18 28.93
1052 0.06 0.05 1.00 0.74 -0.11 -0.95 19.57 56.24 -23.01 28.93
1132 0.07 0.04 1.00 -0.85 -1.18 1.01 19.57 56.94 -23.01 28.93
1212 0.06 0.04 0.98 -0.12 0.88 1.01 19.57 56.94 -23.01 28.95
1292 0.07 0.03 0.98 0.18 -0.79 -0.84 19.04 55.71 -23.52 28.94
1372 0.06 0.04 0.99 0.05 0.97 -4.43 19.04 55.71 -23.52 28.95
1452 0.06 0.04 0.99 0.05 0.66 -2.04 18.86 57.65 -22.33 28.94
1532 0.07 0.04 0.99 0.06 -0.11 1.01 19.04 57.82 -22.84 28.96
1612 0.06 0.04 0.99 0.02 0.24 0.60 19.04 57.82 -22.84 28.96
1692 0.06 0.05 0.99 -0.02 0.37 -1.32 17.98 57.12 -22.50 28.93
1772 0.05 0.05 0.99 0.72 0.16 0.25 19.22 56.94 -21.99 28.95
1852 0.07 0.04 0.98 0.08 -0.22 1.09 19.22 56.94 -21.99 28.97
1932 0.06 0.06 1.00 0.11 1.05 -2.12 18.33 56.06 -23.52 28.93
2012 0.07 0.04 0.98 -0.37 0.33 1.16 17.10 56.94 -22.67 28.95
2092 0.07 0.05 1.00 -0.85 0.46 -0.68 17.10 56.94 -22.67 28.95
2172 0.06 0.05 0.99 -0.66 0.31 -0.40 18.86 55.89 -22.33 28.96
2252 0.06 0.04 0.99 -0.50 -0.40 0.42 18.86 55.89 -22.33 28.96
2332 0.06 0.05 0.99 -0.46 0.76 -4.44 18.51 56.59 -23.01 28.99
2412 0.06 0.04 0.99 -0.37 0.47 -1.11 19.22 56.24 -22.33 28.99
2492 0.05 0.04 0.99 -0.53 -0.68 3.35 19.22 56.24 -22.33 28.98
2572 0.05 0.04 0.99 0.00 0.40 -0.25 19.22 54.48 -21.30 28.97
2652 0.07 0.04 0.99 0.11 -0.51 -1.43 19.92 56.59 -22.67 28.97
2732 0.06 0.05 0.99 -0.50 -0.88 1.30 19.92 56.59 -22.67 28.98
2812 0.07 0.04 0.99 -0.14 -0.79 2.26 17.28 58.18 -21.48 29.00
2892 0.08 -0.01 0.96 5.84 3.09 4.96 17.28 58.18 -21.48 28.99
2972 0.07 0.07 0.99 17.93 5.42 -4.54 18.33 56.41 -23.52 29.01
3052 0.06 0.10 1.00 12.70 1.74 3.61 14.81 57.12 -21.82 29.00
3132 0.05 0.13 0.98 22.85 0.53 -3.81 14.81 57.12 -21.82 29.01
3212 0.05 0.16 0.97 23.00 2.21 -6.40 15.51 57.47 -21.82 29.04
3292 0.04 0.18 0.98 16.56 -1.08 -3.06 11.64 57.47 -20.11 29.03
3372 0.06 0.21 0.96 23.95 -0.37 -10.51 11.64 57.47 -20.11 29.02
3452 0.03 0.20 0.94 25.34 -3.86 -9.35 10.40 56.24 -18.24 29.04
3532 0.01 0.31 0.97 18.66 1.75 -5.41 10.40 56.24 -18.24 29.04
3612 0.07 0.28 0.94 13.61 -2.09 2.02 6.70 56.77 -19.77 29.04
3692 0.07 0.32 0.95 27.49 0.89 -12.65 5.47 56.24 -18.58 29.07
3772 0.06 0.36 0.93 23.96 3.68 -11.44 5.47 56.24 -18.58 29.05
3852 0.04 0.40 0.92 50.83 10.28 -12.31 2.82 55.36 -19.09 29.05
3932 0.03 0.48 0.88 45.48 3.34 13.48 -1.94 56.59 -18.24 29.05
4012 0.02 0.49 0.83 26.89 -4.84 10.37 -1.94 56.59 -18.24 29.07
4092 0.02 0.52 0.78 32.12 -6.60 -0.72 -5.64 56.77 -19.43 29.03
4172 0.25 0.83 0.72 45.99 -40.21 -154.29 -11.64 55.36 -20.11 29.08
4252 0.10 0.64 0.72 28.88 -12.29 94.61 -11.64 55.36 -20.11 29.08
4332 0.06 0.66 0.69 34.25 14.76 -1.78 -15.34 54.48 -20.62 29.08
4412 0.06 0.74 0.66 43.40 1.96 3.00 -15.34 54.48 -20.62 29.07
4492 0.10 0.88 0.66 65.55 6.48 -9.41 -18.33 53.95 -22.16 29.08
4572 0.08 0.85 0.59 58.56 7.65 13.03 -25.92 52.01 -26.42 29.07
4652 0.08 0.86 0.48 25.31 -3.59 18.33 -25.92 52.01 -26.42 29.09
4732 0.11 0.89 0.46 19.00 -4.08 -7.13 -30.50 52.36 -31.19 29.07
4812 0.10 0.90 0.41 17.30 -2.15 2.19 -31.73 52.18 -30.34 29.06
4892 0.11 0.90 0.38 22.25 -1.08 -8.48 -31.73 52.18 -30.34 29.07
4972 0.10 0.89 0.38 23.54 1.17 -10.04 -34.20 53.24 -32.04 29.08
5052 0.05 0.87 0.44 18.26 -3.76 1.66 -34.20 53.24 -32.04 29.07
5132 0.08 0.96 0.29 23.11 -2.40 2.40 -36.32 53.59 -34.09 29.07
5212 0.10 1.02 0.28 6.32 0.53 5.43 -37.02 54.65 -35.45 29.10
5292 0.11 0.98 0.26 4.97 -0.24 -4.81 -37.02 54.65 -35.45 29.10
5372 0.08 1.01 0.26 -5.49 0.68 -4.71 -38.26 54.12 -36.99 29.07
5452 0.05 1.04 0.31 -65.64 -26.99 -15.96 -37.20 54.83 -36.30 29.06
5532 0.12 0.84 0.34 -49.95 -2.68 0.48 -37.20 54.83 -36.30 29.10
5612 0.05 0.87 0.42 -36.11 6.26 -1.19 -31.91 53.77 -30.85 29.09
5692 0.05 0.89 0.48 -42.28 11.12 0.79 -30.50 54.12 -29.83 29.09
5772 0.09 0.90 0.55 -55.81 16.77 24.84 -30.50 54.12 -29.83 29.10
5852 0.08 0.83 0.62 -64.00 30.17 9.17 -24.15 54.48 -26.08 29.10
5932 0.06 0.59 0.67 -71.49 31.37 -3.73 -24.15 54.48 -26.08 29.10
6012 0.05 0.65 0.76 -60.98 5.20 -1.53 -16.04 57.65 -20.28 29.10
6092 -0.00 0.57 0.82 -71.37 4.78 9.36 -9.70 58.35 -20.96 29.11
6172 0.05 0.46 0.85 -88.22 4.97 -6.36 -9.70 58.35 -20.96 29.11
6252 0.03 0.40 0.91 -58.94 8.72 -8.09 -1.41 58.53 -19.43 29.11
6332 0.04 0.33 0.91 -43.69 2.07 -17.95 6.52 59.41 -18.58 29.11
6412 0.02 0.21 0.92 -47.61 -1.33 -14.02 6.52 59.41 -18.58 29.12
6492 0.04 0.20 0.95 -54.79 -3.26 29.20 10.93 58.88 -20.79 29.12
6572 0.03 0.10 0.94 -52.15 0.90 -11.41 10.93 58.88 -20.79 29.13
6652 0.05 0.03 0.94 -39.79 -3.04 -5.95 14.99 60.82 -21.99 29.13
6732 0.02 -0.02 0.99 -30.28 -2.91 -16.42 19.57 58.71 -21.99 29.13
6812 0.08 -0.02 1.00 -24.43 -4.23 11.02 19.57 58.71 -21.99 29.12
6892 0.03 -0.07 0.96 -7.20 -0.21 24.18 21.68 58.35 -23.69 29.13
6972 0.03 -0.01 1.01 -17.12 5.88 34.16 22.21 58.53 -24.88 29.13
7052 0.05 -0.11 1.01 -18.01 12.28 37.19 22.21 58.53 -24.88 29.15
7132 0.02 -0.14 0.98 -15.95 15.77 -7.88 24.86 63.29 -26.76 29.15
7212 -0.15 -0.09 0.97 -13.14 -5.29 -33.62 24.86 63.29 -26.76 29.16
7292 -0.10 -0.12 0.94 -49.37 8.38 -7.84 24.33 68.05 -27.95 29.15
7372 -0.14 -0.19 0.99 -47.87 -22.85 3.59 28.56 68.40 -28.97 29.16
7452 -0.07 -0.28 0.93 -52.66 -6.65 -4.26 28.56 68.40 -28.97 29.14
7532 -0.08 -0.41 0.90 -74.23 11.80 39.88 32.44 67.70 -33.41 29.16
7612 -0.10 -0.54 0.85 -38.51 10.26 5.07 36.49 71.05 -38.69 29.15
7692 -0.04 -0.54 0.79 -50.58 4.16 -49.34 36.49 71.05 -38.69 29.16
7772 -0.10 -0.58 0.82 -52.11 1.31 36.96 40.20 68.76 -41.93 29.16
7852 -0.17 -0.58 0.80 -74.57 18.67 -1.22 43.54 72.81 -48.57 29.18
7932 -0.15 -0.72 0.72 -49.01 4.26 -4.37 43.54 72.81 -48.57 29.16
8012 -0.12 -0.73 0.60 -82.57 11.68 -10.32 45.13 71.22 -54.20 29.19
8092 -0.33 -0.55 0.54 -43.42 34.20 -25.66 45.13 71.22 -54.20 29.17
8172 0.22 -0.97 0.31 -104.15 98.92 -192.79 48.30 68.40 -60.68 29.19
8252 0.29 -1.02 0.28 -113.01 83.97 -250.00 48.13 50.24 -71.41 29.18
8332 0.23 -1.13 0.29 -36.99 -43.79 -84.01 48.13 50.24 -71.41 29.21
8412 0.67 -0.96 0.15 42.69 -3.50 -117.61 38.26 32.26 -79.94 29.20
8492 0.60 -0.76 0.25 5.54 13.73 6.67 36.14 26.62 -78.23 29.18
8572 0.65 -0.75 0.24 37.36 12.31 63.84 36.14 26.62 -78.23 29.22
8652 0.31 -0.75 0.43 -10.74 43.55 90.33 40.20 30.32 -75.67 29.22
8732 0.31 -0.93 0.39 5.04 8.36 39.65 40.20 30.32 -75.67 29.20
8812 0.21 -0.90 0.34 -11.70 -41.21 85.24 46.72 40.02 -71.75 29.22
8892 0.20 -0.91 0.26 -10.51 -50.75 91.46 46.72 49.19 -73.80 29.25
8972 0.03 -0.98 0.25 -42.11 -38.22 64.73 46.72 49.19 -73.80 29.21
9052 0.04 -0.97 0.16 -28.34 -51.41 133.67 49.19 61.17 -76.53 29.23
9132 -0.09 -0.92 0.20 -24.58 -18.84 11.73 47.07 66.82 -78.57 29.23
9212 -0.18 -0.97 0.15 -25.30 -3.56 45.34 47.07 66.82 -78.57 29.25
9292 -0.30 -0.94 0.14 -25.02 -9.57 28.03 46.19 71.22 -81.47 29.24
9372 -0.19 -1.02 0.03 -15.14 -0.45 -11.81 44.78 73.34 -84.54 29.27
9452 -0.23 -0.99 0.08 6.07 3.83 -4.12 44.78 73.34 -84.54 29.24
9532 -0.21 -0.96 0.07 -0.24 2.90 -0.54 44.96 73.52 -85.05 29.25
9612 -0.23 -1.03 0.05 17.62 -3.20 8.77 44.96 73.52 -85.05 29.26
9692 -0.23 -1.03 0.10 68.28 -5.23 -3.49 44.07 74.75 -84.54 29.27
9772 -0.22 -1.02 0.22 132.19 -4.03 10.19 46.89 74.40 -77.04 29.28
9852 -0.24 -0.91 0.40 77.85 -28.69 38.93 46.89 74.40 -77.04 29.26
9932 -0.26 -0.75 0.55 63.06 -19.36 15.78 47.42 75.98 -63.23 29.27
10012 -0.25 -0.70 0.63 95.30 -10.75 -14.97 44.78 75.45 -55.56 29.27
10092 -0.24 -0.63 0.72 105.27 -6.23 -11.36 44.78 75.45 -55.56 29.28
10172 -0.21 -0.58 0.79 48.39 -2.43 -41.53 41.08 74.22 -46.19 29.29
10252 -0.17 -0.60 0.83 75.49 -10.77 -81.54 41.08 74.22 -46.19 29.30
10332 -0.11 -0.36 0.86 97.44 2.93 5.88 39.14 68.76 -41.93 29.29
10412 -0.14 -0.26 0.91 95.25 -11.30 49.74 32.44 69.11 -34.43 29.31
10492 -0.14 -0.08 0.99 83.94 -1.58 34.79 32.44 69.11 -34.43 29.32
10572 -0.13 -0.01 0.99 75.88 -24.73 14.65 23.62 70.17 -27.27 29.32
10652 -0.09 0.12 0.96 95.02 -17.88 8.64 17.28 69.81 -23.86 29.33
10732 -0.05 0.24 0.81 33.42 -4.40 -35.85 17.28 69.81 -23.86 29.31
10812 -0.05 0.17 0.97 3.04 -0.85 -44.58 10.05 68.93 -20.28 29.34
10892 -0.10 0.24 0.96 -10.21 1.89 -5.36 9.70 66.11 -20.96 29.33
10972 -0.07 0.22 0.96 9.89 0.18 8.21 9.70 66.11 -20.96 29.34
11052 -0.07 0.25 0.96 16.43 -9.89 3.04 8.99 67.17 -20.62 29.31
11132 -0.06 0.25 0.94 15.87 -19.31 13.10 8.99 67.17 -20.62 29.33
11212 0.06 0.20 0.92 17.14 -6.74 17.52 8.11 66.64 -20.45 29.34
11292 -0.02 0.31 0.95 6.12 0.25 11.29 5.82 65.41 -20.28 29.35
11372 -0.07 0.40 0.94 16.02 1.93 9.22 5.82 65.41 -20.28 29.34
11452 -0.07 0.37 0.94 16.27 5.96 6.44 3.00 66.46 -20.28 29.36
11532 -0.04 0.35 0.92 3.42 -1.08 2.23 2.82 66.29 -19.77 29.36
11612 -0.03 0.37 0.92 7.17 -3.13 -2.15 2.82 66.29 -19.77 29.34
11692 -0.03 0.38 0.92 4.84 -0.94 -3.81 1.94 65.41 -19.60 29.37
11772 -0.02 0.38 0.93 -0.92 0.70 -9.86 1.94 65.41 -19.60 29.34
11852 -0.05 0.38 0.94 -1.79 -0.65 2.70 1.76 65.23 -20.11 29.35
11932 -0.04 0.37 0.92 -4.50 -3.40 2.30 1.41 65.23 -19.77 29.38
12012 -0.04 0.34 0.90 -10.35 -6.85 3.28 1.41 65.23 -19.77 29.35
12092 0.01 0.33 0.93 -9.13 -9.71 0.31 3.35 64.70 -19.26 29.38
12172 -0.03 0.36 0.94 -0.94 -1.17 -4.25 4.58 64.52 -19.77 29.35
12252 0.00 0.35 0.95 8.58 8.77 -17.22 4.58 64.52 -19.77 29.36
12332 -0.03 0.39 0.94 -3.49 3.62 -1.05 3.35 64.35 -19.94 29.36
12412 -0.01 0.35 0.93 5.26 -1.05 -2.35 3.35 64.35 -19.94 29.36
12492 -0.01 0.35 0.90 13.93 -9.56 0.57 3.53 63.11 -18.75 29.39
12572 0.02 0.42 0.90 47.71 -6.67 14.37 0.53 62.23 -18.58 29.40
12652 0.06 0.42 0.86 88.01 -14.44 26.77 0.53 62.23 -18.58 29.40
12732 0.06 0.59 0.76 86.96 -21.10 -27.27 -6.88 61.17 -19.60 29.39
12812 0.12 0.68 0.70 109.37 -13.35 20.23 -16.92 59.59 -22.16 29.37
12892 0.15 0.81 0.52 138.34 -9.03 53.26 -16.92 59.59 -22.16 29.38
12972 0.20 0.92 0.35 140.19 -26.87 -17.08 -28.56 56.77 -29.66 29.43
13052 0.19 1.02 0.20 108.57 -3.33 -12.15 -41.08 55.53 -38.35 29.39
13132 0.17 0.98 0.04 107.09 16.50 4.80 -41.08 55.53 -38.35 29.43
13212 0.18 1.01 -0.05 103.20 -12.57 1.50 -46.19 56.41 -50.45 29.52
13292 0.12 0.99 -0.31 140.85 -12.44 -9.73 -46.19 56.41 -50.45 29.60
13372 0.23 0.94 -0.48 131.61 -35.06 -14.22 -49.89 55.53 -65.28 29.69
13452 0.24 0.77 -0.45 121.70 7.51 -42.06 -49.72 58.18 -78.06 29.71
13532 0.08 0.74 -0.71 115.26 23.53 -25.60 -49.72 58.18 -78.06 29.72
13612 0.08 0.64 -0.79 122.09 -14.31 -2.98 -46.37 60.47 -89.82 29.70
13692 0.08 0.46 -0.90 106.42 -12.41 14.18 -39.84 60.65 -100.22 29.71
13772 0.07 0.33 -0.96 111.04 0.32 7.29 -39.84 60.65 -100.22 29.68
13852 0.06 0.14 -1.00 106.30 -12.23 7.19 -31.91 59.06 -109.59 29.67
13932 0.11 0.09 -0.97 80.38 -12.81 7.45 -31.91 59.06 -109.59 29.64
14012 0.04 -0.03 -1.02 44.77 -17.61 -9.41 -22.57 61.00 -114.53 29.62
14092 0.03 -0.05 -1.02 37.86 -4.35 -24.78 -18.69 62.41 -115.56 29.61
14172 0.03 -0.07 -1.01 -1.72 -5.65 5.38 -18.69 62.41 -115.56 29.60
14252 0.03 -0.06 -1.02 -21.32 1.84 9.75 -14.28 62.23 -115.73 29.59
14332 0.03 0.02 -1.03 -59.56 -4.33 12.47 -17.63 61.35 -115.56 29.58
14412 0.01 0.17 -1.06 -143.66 -12.79 15.39 -17.63 61.35 -115.56 29.58
14492 -0.04 0.36 -0.98 -244.80 -28.64 67.33 -29.79 63.64 -110.61 29.58
14572 0.01 0.75 -0.76 -250.00 -7.62 29.50 -48.66 60.29 -87.61 29.59
14652 0.05 0.88 -0.48 -250.00 -5.87 34.87 -48.66 60.29 -87.61 29.58
14732 0.05 1.01 -0.15 -211.40 -21.19 -0.83 -49.36 56.06 -58.63 29.60
14812 0.05 0.99 0.11 -176.58 1.25 14.79 -49.36 56.06 -58.63 29.59
14892 0.07 0.93 0.36 -179.81 24.41 0.95 -40.37 54.83 -38.01 29.58
14972 0.07 0.77 0.59 -187.34 25.72 9.03 -23.62 58.18 -24.20 29.58
15052 0.01 0.58 0.77 -168.08 10.02 -5.29 -23.62 58.18 -24.20 29.56
15132 0.03 0.43 0.89 -178.41 -6.78 14.40 -5.64 59.94 -19.43 29.58
15212 0.06 0.11 0.98 -164.65 10.02 41.04 14.63 59.06 -22.33 29.58
15292 0.03 -0.09 0.94 -82.07 20.02 24.02 14.63 59.06 -22.33 29.58
15372 -0.03 -0.19 0.98 -22.78 2.17 5.77 23.62 62.41 -25.91 29.58
15452 0.01 -0.13 0.98 -15.64 -5.65 -1.61 23.62 62.41 -25.91 29.58
15532 0.05 -0.13 0.97 -17.64 -9.09 4.51 25.21 62.58 -26.08 29.56
15612 0.01 -0.17 0.97 2.98 5.13 0.90 25.39 61.35 -26.93 29.58
15692 0.02 -0.15 0.98 -2.01 8.03 0.91 25.39 61.35 -26.93 29.60
15772 0.00 -0.17 1.01 -2.15 18.80 7.90 28.21 62.76 -26.59 29.58
15852 -0.03 -0.09 0.99 22.53 -5.88 24.41 27.33 64.35 -26.08 29.58
15932 -0.02 -0.07 0.96 20.35 9.38 23.35 27.33 64.35 -26.08 29.58
16012 0.02 -0.11 0.93 3.41 29.34 51.30 23.98 67.34 -25.22 29.60
16092 -0.10 -0.10 0.99 3.66 27.13 6.75 23.98 67.34 -25.22 29.61
16172 -0.08 -0.09 0.94 -1.85 10.36 0.25 22.57 70.17 -26.59 29.59
16252 -0.17 -0.09 0.93 23.11 25.55 25.61 22.21 73.34 -27.61 29.61
16332 -0.17 0.01 0.92 -11.88 38.22 -14.69 22.21 73.34 -27.61 29.59
16412 -0.21 -0.07 0.91 -9.28 29.86 0.29 23.62 76.16 -27.61 29.61
16492 -0.21 -0.06 0.81 3.19 91.84 49.87 25.21 79.51 -30.51 29.60
16572 -0.47 0.04 0.86 43.98 128.40 -12.23 25.21 79.51 -30.51 29.63
16652 -0.73 0.09 0.77 16.13 135.18 -1.30 20.27 91.14 -36.99 29.61
16732 -0.80 -0.04 0.78 -19.30 135.86 9.04 20.10 98.73 -48.06 29.61
16812 -1.05 -0.06 0.50 -42.00 135.63 43.55 20.10 98.73 -48.06 29.60
16892 -1.01 -0.00 0.32 -5.36 98.53 0.86 20.10 104.01 -60.68 29.62
16972 -0.92 -0.04 0.14 21.30 69.80 21.58 20.10 104.01 -60.68 29.61
17052 -1.00 0.06 0.06 -6.74 94.95 19.04 18.69 105.42 -68.86 29.62
17132 -1.08 0.06 0.05 -22.42 84.60 13.47 17.28 104.37 -79.08 29.61
17212 -1.00 0.11 -0.16 -9.45 77.14 10.36 17.28 104.37 -79.08 29.61
17292 -1.00 0.10 -0.22 6.54 49.04 5.80 15.16 103.31 -87.26 29.62
17372 -0.91 0.07 -0.31 9.49 33.15 2.51 15.87 101.55 -91.35 29.60
17452 -0.96 0.11 -0.32 -4.25 9.14 5.25 15.87 101.55 -91.35 29.62
17532 -0.94 0.08 -0.35 2.89 0.35 -7.93 15.16 100.14 -92.04 29.60
17612 -0.95 0.07 -0.34 3.20 -4.91 -2.20 15.16 100.14 -92.04 29.62
17692 -0.98 0.06 -0.32 0.14 -12.73 -0.09 16.57 100.84 -94.08 29.62
17772 -0.94 0.07 -0.31 6.30 -1.23 0.68 15.69 101.02 -93.23 29.63
17852 -1.00 0.13 -0.25 12.28 -20.96 1.20 15.69 101.02 -93.23 29.63
17932 -1.05 0.08 -0.23 -10.42 -57.72 2.15 15.34 101.02 -90.16 29.65
18012 -0.96 0.14 -0.18 -2.08 -69.46 23.39 14.46 103.66 -84.88 29.61
18092 -1.05 0.12 -0.07 13.59 -76.96 39.47 14.46 103.66 -84.88 29.64
18172 -0.96 0.19 0.00 20.19 -103.03 -25.45 10.58 106.84 -77.04 29.64
18252 -0.94 0.15 0.23 -18.07 -97.81 14.44 10.58 106.13 -63.74 29.61
18332 -0.98 0.17 0.32 3.82 -76.22 25.02 10.58 106.13 -63.74 29.64
18412 -0.92 0.21 0.43 7.80 -74.26 -18.59 10.75 105.60 -57.78 29.63
18492 -0.80 0.27 0.58 41.33 -171.62 31.82 10.75 105.60 -57.78 29.63
18572 -0.66 0.30 0.64 16.37 -85.38 -0.41 9.17 101.55 -46.70 29.64
18652 -0.58 0.24 0.75 -3.94 -61.41 -7.34 7.23 93.61 -35.96 29.65
18732 -0.51 0.15 0.80 -47.67 -97.46 -10.38 7.23 93.61 -35.96 29.65
18812 -0.45 0.11 0.88 -37.88 -79.33 -42.39 9.70 89.38 -30.85 29.67
18892 -0.27 0.09 0.90 -19.46 -66.66 -44.11 16.57 79.69 -28.29 29.64
18972 -0.29 0.08 0.99 -7.40 -49.59 -47.84 16.57 79.69 -28.29 29.66
19052 -0.50 -0.06 1.08 -26.34 -112.02 -84.29 19.57 73.87 -26.08 29.65
19132 -0.03 -0.03 0.92 -20.97 -52.32 -6.95 19.57 73.87 -26.08 29.65
19212 -0.03 -0.09 1.07 -16.84 -37.09 -4.65 22.74 65.05 -26.08 29.65
19292 0.05 -0.06 0.97 -2.00 -16.49 5.17 23.62 60.29 -23.86 29.66
19372 0.04 -0.06 0.98 -2.71 -6.00 -5.97 23.62 60.29 -23.86 29.68
19452 0.05 -0.04 0.97 31.34 -10.25 3.10 23.09 59.76 -26.08 29.68
19532 0.04 -0.01 1.02 12.14 20.03 -6.36 19.75 59.94 -25.57 29.68
19612 -0.00 -0.02 1.03 0.61 -29.82 -5.74 19.75 59.94 -25.57 29.68
19692 0.10 0.01 1.02 -40.47 -48.88 -34.73 21.33 58.71 -23.69 29.68
19772 0.26 -0.02 0.93 -36.76 -100.85 -12.33 24.51 49.89 -27.78 29.71
19852 0.37 -0.11 0.93 1.43 -134.32 -9.42 24.51 49.89 -27.78 29.70
19932 0.48 -0.10 0.81 3.25 -88.03 -21.11 24.68 38.78 -32.72 29.71
20012 0.60 -0.04 0.76 2.40 -59.84 -3.86 24.68 38.78 -32.72 29.69
20092 0.62 -0.08 0.76 11.34 -79.05 17.56 22.92 32.09 -36.13 29.71
20172 0.73 -0.07 0.64 16.17 -77.43 -6.44 24.51 27.68 -40.05 29.71
20252 0.81 -0.02 0.58 16.99 -97.31 -28.88 24.51 27.68 -40.05 29.72
20332 0.93 0.05 0.36 6.00 -148.46 -32.20 19.92 19.92 -44.48 29.75
20412 1.00 0.07 0.16 10.83 -163.63 2.15 18.86 14.99 -58.80 29.74
20492 0.99 -0.03 -0.05 41.35 -133.90 26.27 18.86 14.99 -58.80 29.75
20572 0.96 0.02 -0.22 23.58 -116.37 -10.86 21.33 14.63 -72.10 29.75
20652 0.93 0.05 -0.43 -16.66 -161.58 45.61 21.33 14.63 -72.10 29.75
20732 0.90 -0.03 -0.57 -21.05 -54.68 -10.19 20.80 15.87 -84.88 29.75
20812 0.80 0.02 -0.63 1.23 -65.80 -14.47 18.16 20.98 -94.25 29.73
20892 0.78 0.01 -0.68 15.40 -28.66 4.95 18.16 20.98 -94.25 29.75
20972 0.74 -0.01 -0.68 17.79 -31.42 1.72 19.22 23.80 -98.00 29.75
21052 0.72 -0.01 -0.72 4.50 -33.58 3.25 20.27 26.62 -99.71 29.75
21132 0.70 -0.02 -0.76 -5.32 -13.00 -5.10 20.27 26.62 -99.71 29.75
21212 0.68 -0.01 -0.75 -1.71 -8.32 -3.85 19.92 27.68 -100.39 29.75
21292 0.69 -0.02 -0.77 -2.73 1.82 -5.81 19.92 27.68 -100.39 29.76
21372 0.69 -0.00 -0.76 -0.96 11.25 -2.73 19.39 26.80 -101.58 29.77
21452 0.71 -0.02 -0.75 3.37 17.59 0.92 20.45 26.09 -100.56 29.78
21532 0.75 -0.02 -0.74 4.07 45.81 -4.98 20.45 26.09 -100.56 29.80
21612 0.85 -0.03 -0.69 26.28 146.52 5.33 20.10 23.62 -98.17 29.77
21692 0.90 -0.02 -0.38 39.29 195.76 -21.71 21.86 16.57 -82.49 29.79
21772 0.94 -0.00 -0.14 -13.44 131.31 -14.17 21.86 16.57 -82.49 29.81
21852 1.00 0.05 -0.01 -16.82 95.50 -21.87 20.63 13.93 -68.35 29.82
21932 0.99 0.01 0.16 -14.84 125.86 -7.95 17.28 13.40 -58.97 29.80
22012 0.93 0.03 0.31 -54.13 187.95 -9.86 17.28 13.40 -58.97 29.83
22092 0.73 -0.04 0.56 -69.01 230.30 -4.91 17.28 20.10 -43.97 29.83
22172 0.64 0.01 0.75 25.12 129.35 49.51 17.28 20.10 -43.97 29.82
22252 0.47 -0.02 0.87 -19.62 121.13 28.95 21.68 33.67 -31.19 29.82
22332 0.32 -0.07 0.94 -6.36 91.44 9.29 22.74 45.66 -26.08 29.86
22412 0.31 -0.01 0.95 27.26 94.32 25.25 22.74 45.66 -26.08 29.84
22492 0.15 0.03 1.03 27.19 43.20 -11.89 22.04 55.53 -25.05 29.84
22572 0.02 0.01 1.02 19.37 36.15 -0.34 19.39 59.59 -21.82 29.87
22652 0.03 0.04 0.99 4.39 -2.97 7.69 19.39 59.59 -21.82 29.84
22732 0.04 0.05 1.01 6.36 -10.20 6.05 18.51 61.53 -23.69 29.85
22812 0.05 0.06 0.98 15.62 -9.65 14.88 18.51 61.53 -23.69 29.88
22892 0.10 0.08 1.00 9.59 -22.63 88.42 17.98 60.29 -23.52 29.87
22972 0.14 0.18 0.93 43.33 1.05 151.49 16.57 62.76 -23.18 29.88
23052 0.09 0.10 1.02 33.71 65.78 201.87 16.57 62.76 -23.18 29.88
23132 -0.01 0.17 1.03 7.50 21.03 139.81 10.05 69.64 -23.01 29.87
23212 -0.02 0.13 0.97 14.17 21.79 105.59 1.59 76.69 -22.33 29.87
23292 0.03 0.17 0.95 -12.24 -0.14 98.82 1.59 76.69 -22.33 29.92
23372 0.07 0.13 0.96 -4.67 2.44 101.84 -1.76 77.22 -23.18 29.89
23452 0.10 0.10 0.90 34.78 -39.79 202.13 -5.82 73.16 -23.01 29.89
23532 0.20 0.18 1.02 -7.35 17.19 148.54 -5.82 73.16 -23.01 29.90
23612 0.06 0.08 0.96 -32.80 35.50 115.55 -11.81 71.75 -22.33 29.90
23692 0.10 -0.04 0.99 -24.12 5.55 125.26 -11.81 71.75 -22.33 29.91
23772 0.15 -0.10 0.93 -36.64 1.66 52.91 -11.64 70.52 -25.22 29.90
23852 0.06 -0.05 1.02 3.10 -16.00 57.99 -11.99 69.81 -23.86 29.91
23932 0.08 -0.03 0.97 44.61 -8.75 167.76 -11.99 69.81 -23.86 29.91
24012 0.12 0.00 1.00 8.71 -6.80 89.26 -16.75 65.41 -23.69 29.93
24092 0.19 0.04 0.92 -3.82 18.55 71.59 -18.16 61.17 -24.37 29.92
24172 0.10 -0.02 1.00 28.43 -16.04 32.19 -18.16 61.17 -24.37 29.93
24252 0.12 0.00 0.99 -10.70 2.45 -42.72 -19.75 58.53 -24.88 29.93
24332 0.13 -0.00 0.99 -8.96 1.59 -39.57 -19.75 58.53 -24.88 29.96
24412 0.13 -0.01 0.98 -0.60 4.12 -53.60 -20.80 59.94 -23.18 29.96
24492 0.09 -0.00 0.97 -17.97 6.99 -92.99 -18.51 63.29 -23.01 29.96
24572 0.10 -0.03 0.98 -6.37 -0.77 -63.90 -18.51 63.29 -23.01 29.95
24652 0.03 -0.09 0.99 -15.19 9.73 -250.00 -14.46 66.29 -23.18 29.97
24732 0.13 0.01 0.97 -16.17 13.70 -117.50 -7.40 73.69 -23.18 29.97
24812 0.08 -0.05 0.98 18.86 4.75 -130.04 -7.40 73.69 -23.18 29.99
24892 0.09 0.06 0.96 28.34 13.12 -158.47 -4.76 74.22 -23.01 29.98
24972 -0.01 0.26 1.00 30.34 -5.74 -199.28 -4.76 74.22 -23.01 29.99
25052 0.02 0.20 0.95 4.87 -9.59 -204.12 0.71 77.22 -23.52 30.00
25132 0.02 0.15 0.95 9.37 -13.57 -73.60 5.11 74.57 -23.69 30.02
25212 -0.06 0.15 1.00 -15.44 5.43 -112.94 5.11 74.57 -23.69 29.99
25292 -0.03 0.15 0.96 -25.41 -14.90 -105.38 7.93 73.16 -23.35 30.01
25372 -0.03 0.12 0.99 -2.15 -10.12 -77.38 13.93 68.58 -22.67 29.99
25452 0.02 0.10 0.98 -23.73 -18.33 -140.26 13.93 68.58 -22.67 30.03
25532 0.01 0.02 0.99 -31.77 8.28 -109.15 17.45 63.64 -21.30 30.04
25612 -0.02 0.01 0.99 -2.18 22.90 -35.41 20.45 60.29 -23.86 30.02
25692 -0.04 0.02 1.00 2.96 5.04 -38.89 20.45 60.29 -23.86 30.04
25772 -0.06 -0.00 0.99 7.80 -17.99 -71.48 19.75 60.29 -25.22 30.04
25852 -0.00 -0.00 0.96 6.39 -4.20 -199.68 19.75 60.29 -25.22 30.04
25932 -0.09 0.08 1.02 35.93 19.81 -250.00 17.10 52.36 -24.37 30.05
26012 -0.07 0.15 0.97 24.80 10.20 -151.60 11.46 46.37 -22.33 30.04
26092 -0.15 0.03 0.89 -60.92 -12.26 -200.90 11.46 46.37 -22.33 30.05
26172 -0.09 0.12 1.02 -13.63 22.77 -170.87 8.64 43.19 -22.33 30.07
26252 0.01 0.13 0.97 -12.76 -19.94 -173.42 2.82 43.72 -22.84 30.06
26332 -0.06 -0.14 0.97 -57.09 12.28 -99.21 2.82 43.72 -22.84 30.04
26412 -0.09 -0.16 0.96 21.02 27.18 -112.79 -0.18 41.78 -22.33 30.08
26492 -0.11 -0.07 0.97 -23.50 2.04 -113.16 -0.18 41.78 -22.33 30.06
26572 -0.04 -0.16 1.02 -53.28 12.12 -151.85 -5.99 45.48 -20.79 30.05
26652 -0.03 -0.22 1.00 -26.81 -7.65 -199.58 -4.94 46.89 -21.48 30.06
26732 0.04 -0.18 1.01 37.96 30.92 -109.95 -4.94 46.89 -21.48 30.08
26812 0.01 -0.19 0.98 18.05 -16.67 -123.09 -9.17 50.77 -23.18 30.08
26892 0.03 -0.00 0.95 67.34 25.25 -111.88 -15.51 55.36 -24.20 30.08
26972 0.01 -0.06 1.01 12.76 -3.19 -55.95 -15.51 55.36 -24.20 30.08
27052 0.01 -0.08 1.00 1.61 8.35 -72.84 -16.40 59.76 -22.33 30.08
27132 0.05 -0.06 0.98 2.47 -23.75 -58.07 -17.45 62.58 -23.01 30.10
27212 0.06 -0.05 0.99 -0.76 -22.67 -54.44 -17.45 62.58 -23.01 30.09
27292 0.08 -0.05 0.99 -0.20 -4.10 -14.91 -16.57 60.29 -21.82 30.09
27372 0.09 -0.06 0.99 -1.01 -3.27 -4.87 -16.57 60.29 -21.82 30.10
27452 0.08 -0.05 0.99 0.08 -2.08 -10.48 -16.57 60.65 -22.84 30.11
27532 0.07 -0.04 0.99 -0.57 -2.85 -11.01 -16.75 61.53 -21.30 30.12
27612 0.10 -0.06 0.99 1.43 1.17 8.28 -16.75 61.53 -21.30 30.11
27692 0.08 -0.05 1.00 1.01 -1.46 40.72 -16.57 60.65 -23.18 30.11
27772 0.07 -0.04 1.01 1.56 -30.16 128.63 -15.69 59.41 -22.33 30.12
27852 0.11 -0.07 0.96 18.49 -5.91 133.98 -15.69 59.41 -22.33 30.14
27932 0.10 -0.06 0.93 29.25 -13.11 173.81 -17.63 51.83 -22.84 30.14
28012 0.06 -0.10 0.98 17.72 10.27 213.78 -17.63 51.83 -22.84 30.12
28092 0.09 0.03 1.00 39.31 25.04 241.65 -14.10 45.48 -23.18 30.17
28172 -0.04 0.02 1.01 81.98 14.88 198.50 -12.34 42.66 -25.57 30.15
28252 -0.11 0.12 0.99 41.19 7.27 195.50 -12.34 42.66 -25.57 30.16
28332 -0.05 0.17 0.96 17.00 30.26 158.64 -7.93 40.02 -27.44 30.15
28412 0.02 0.20 0.97 28.17 49.20 128.75 -4.58 38.43 -24.88 30.17
28492 -0.08 0.22 0.97 -5.74 57.04 153.15 -4.58 38.43 -24.88 30.17
28572 -0.07 0.24 0.95 11.80 50.45 206.38 1.76 45.48 -21.13 30.19
28652 -0.11 0.28 0.96 -9.09 12.31 180.90 1.76 45.48 -21.13 30.17
28732 -0.03 0.27 0.95 -9.75 17.43 165.10 6.17 50.60 -21.65 30.18
28812 0.07 0.11 0.94 -61.97 -6.23 181.14 9.70 54.12 -21.30 30.21
28892 0.07 0.26 0.89 -26.04 60.37 165.46 9.70 54.12 -21.30 30.21
28972 0.06 -0.00 0.96 -17.17 26.08 177.65 14.46 61.00 -21.82 30.21
29052 0.04 0.04 0.81 8.42 -18.14 111.27 14.63 70.34 -23.01 30.25
29132 0.04 0.13 1.03 7.84 -5.16 45.90 14.63 70.34 -23.01 30.22
29212 -0.01 0.03 1.02 1.40 12.44 27.05 10.23 70.87 -23.18 30.24
29292 0.05 0.12 0.95 5.33 4.00 -29.26 10.23 71.93 -23.18 30.23
29372 0.04 0.14 0.98 10.20 -3.30 -27.34 10.23 71.93 -23.18 30.24
29452 0.04 0.20 0.97 8.16 -11.07 -35.29 10.40 71.05 -21.65 30.25
29532 0.08 0.19 0.98 17.43 -13.07 12.95 10.40 71.05 -21.65 30.22
29612 0.10 0.14 0.99 23.07 21.94 195.54 8.46 68.40 -20.79 30.25
29692 0.12 0.22 1.00 0.07 9.74 109.18 2.29 72.46 -22.67 30.25
29772 0.06 0.18 0.98 1.66 16.42 183.38 2.29 72.46 -22.67 30.25
29852 0.14 0.12 0.96 4.72 -12.05 184.37 -2.82 74.04 -22.84 30.27
29932 0.32 0.18 0.89 -51.67 56.08 102.72 -9.52 72.63 -20.45 30.27
30012 0.07 -0.01 0.98 -47.29 18.23 49.73 -9.52 72.63 -20.45 30.26
30092 0.29 -0.06 0.96 -13.41 -29.12 171.80 -7.05 70.87 -21.48 30.27
30172 0.19 -0.10 1.02 1.54 -33.53 190.24 -7.05 70.87 -21.48 30.29
30252 0.18 -0.02 0.94 16.54 -6.90 137.88 -10.23 63.82 -20.11 30.29
30332 0.25 -0.07 0.98 -20.16 -47.63 131.48 -16.04 61.17 -20.96 30.30
30412 0.21 -0.10 0.82 -14.16 -38.53 143.96 -16.04 61.17 -20.96 30.32
30492 0.11 -0.06 1.02 64.70 58.93 133.13 -13.05 52.89 -20.45 30.29
30572 0.13 -0.25 1.09 52.76 -22.42 108.68 -15.51 50.07 -19.43 30.30
30652 0.02 -0.01 1.03 41.28 35.42 133.09 -15.51 50.07 -19.43 30.32
30732 0.04 0.15 0.82 -25.58 22.87 168.17 -16.92 47.60 -23.18 30.31
30812 -0.07 0.18 1.07 33.81 -8.15 137.10 -14.28 41.78 -23.01 30.32
30892 -0.05 -0.03 0.99 -2.47 15.29 227.97 -14.28 41.78 -23.01 30.30
30972 -0.08 0.11 1.03 23.68 35.15 216.35 -5.29 39.49 -22.50 30.32
31052 -0.01 0.10 0.92 11.57 46.17 159.51 -5.29 39.49 -22.50 30.32
31132 -0.10 0.14 1.01 38.45 -24.53 138.50 0.18 42.13 -22.33 30.35
31212 0.03 0.15 0.92 -10.16 -47.59 72.04 3.70 40.72 -21.30 30.35
31292 0.11 0.04 0.90 18.07 -42.11 26.12 3.70 40.72 -21.30 30.33
31372 0.08 0.27 1.07 -18.46 -38.25 107.86 4.58 37.37 -21.13 30.36
31452 0.12 0.21 1.02 -31.46 -25.68 188.13 10.75 35.79 -23.35 30.38
31532 0.19 -0.14 1.03 -19.39 94.64 161.80 10.75 35.79 -23.35 30.35
31612 -0.00 0.02 1.03 18.04 56.92 92.57 19.39 49.01 -23.18 30.37
31692 0.02 0.03 0.95 15.14 23.23 72.36 19.39 49.01 -23.18 30.36
31772 0.02 0.15 0.91 -2.06 -4.20 70.01 20.45 56.77 -23.86 30.38
31852 -0.03 0.13 1.01 21.40 -42.32 139.85 17.28 61.00 -25.22 30.39
31932 0.09 0.10 1.02 15.79 -43.48 189.54 17.28 61.00 -25.22 30.40
32012 0.10 0.05 1.00 -5.45 3.38 125.38 16.75 60.47 -23.35 30.38
32092 0.14 0.05 0.99 -1.43 -28.43 52.51 14.10 63.11 -21.82 30.42
32172 0.11 0.04 1.05 -33.83 14.12 249.99 14.10 63.11 -21.82 30.42
32252 0.36 -0.10 0.98 -4.29 -53.50 47.43 14.63 69.28 -20.62 30.43
32332 0.24 -0.09 0.96 -2.31 -2.94 -23.28 12.69 66.99 -21.82 30.43
32412 0.31 0.02 1.10 20.26 43.82 249.99 12.69 66.99 -21.82 30.44
32492 -0.01 -0.02 0.94 15.91 42.88 192.23 6.17 74.93 -22.67 30.43
32572 0.14 -0.01 0.95 -6.71 5.44 180.71 6.17 74.93 -22.67 30.44
32652 0.09 -0.07 0.96 -10.57 -42.40 64.09 1.41 77.22 -23.86 30.45
32732 0.10 -0.07 0.99 34.60 -11.84 164.93 -4.58 74.04 -21.82 30.46
32812 0.16 0.03 1.12 53.47 7.19 180.60 -4.58 74.04 -21.82 30.44
32892 0.11 0.03 1.07 42.47 2.64 107.94 -12.34 68.76 -23.52 30.45
32972 0.05 0.02 0.97 -2.61 26.84 111.82 -18.69 65.93 -23.18 30.45
33052 0.06 -0.01 0.98 -18.07 2.62 76.90 -18.69 65.93 -23.18 30.46
33132 -0.04 -0.01 0.96 -25.54 22.34 103.42 -19.22 64.35 -20.28 30.46
33212 0.07 -0.15 0.97 -38.82 0.33 88.68 -19.22 64.35 -20.28 30.49
33292 -0.01 -0.16 0.99 5.75 37.56 52.79 -13.93 61.88 -21.99 30.49
33372 -0.07 -0.12 0.98 -1.17 6.65 29.77 -13.57 63.29 -21.65 30.49
33452 -0.09 -0.10 0.99 11.89 14.55 48.29 -13.57 63.29 -21.65 30.48
33532 -0.11 -0.04 1.00 19.41 -2.83 39.30 -13.75 63.11 -21.13 30.51
33612 -0.11 -0.09 0.99 2.24 6.65 3.04 -16.57 60.65 -20.45 30.50
33692 -0.12 -0.06 0.97 1.84 6.39 -10.65 -16.57 60.65 -20.45 30.50
33772 -0.15 -0.08 0.97 3.33 -6.46 2.52 -17.45 62.94 -21.65 30.53
33852 -0.13 -0.04 0.98 -0.78 -3.58 4.31 -17.45 62.94 -21.65 30.50
33932 -0.12 -0.06 0.98 -3.33 2.57 1.83 -16.57 62.06 -21.48 30.53
34012 0.00 -0.13 1.10 0.27 3.30 3.30 -15.69 61.17 -22.33 30.56
34092 -1.13 -2.00 0.45 -85.49 26.59 -7.61 -15.69 61.17 -22.33 30.53
34172 -0.10 -0.07 1.03 -7.35 1.19 -6.35 -16.22 62.41 -21.82 30.58
34252 -0.14 -0.08 0.99 -3.00 -5.93 -47.63 -15.34 62.94 -21.99 30.56
34332 -0.11 -0.10 0.98 -16.98 -19.46 -205.01 -15.34 62.94 -21.99 30.56
34412 0.01 -0.14 0.96 -25.50 -45.77 -250.00 -13.93 67.87 -21.99 30.58
34492 0.19 -0.41 1.00 -36.84 -66.16 -250.00 -2.47 65.58 -22.16 30.57
34572 0.25 -0.24 0.95 -9.70 74.06 -100.20 -2.47 65.58 -22.16 30.58
34652 0.26 0.01 0.94 -26.93 -38.47 -162.12 2.82 68.76 -21.48 30.59
34732 0.45 -0.02 0.91 -43.92 -30.75 -176.19 2.82 68.76 -21.48 30.59
34812 0.32 -0.05 0.93 -6.74 -37.43 -8.34 8.11 64.88 -20.11 30.58
34892 0.28 -0.10 0.92 -22.73 33.12 -238.99 11.11 61.53 -19.94 30.60
34972 0.19 -0.01 0.98 12.34 30.05 -243.28 11.11 61.53 -19.94 30.61
35052 0.26 0.14 0.93 8.73 26.63 -196.77 13.57 58.71 -21.30 30.61
35132 0.07 0.18 0.94 -43.01 15.59 -118.80 14.46 55.71 -21.82 30.61
35212 0.15 0.12 0.89 -36.32 -26.44 -150.86 14.46 55.71 -21.82 30.65
35292 0.06 0.08 1.00 37.81 -85.30 -104.61 15.51 50.07 -23.18 30.62
35372 0.03 1.13 0.87 25.84 -86.13 -250.00 15.51 50.07 -23.18 30.63
35452 0.02 0.41 0.87 -64.70 -10.44 -210.69 -7.05 34.55 -25.91 30.64
35532 -0.09 0.35 1.02 -84.53 -16.10 -250.00 -11.64 40.20 -24.20 30.64
35612 0.24 -0.05 0.88 -70.59 -89.29 -194.83 -11.64 40.20 -24.20 30.66
35692 0.26 -0.06 0.91 -17.21 66.18 -190.78 -10.40 34.73 -27.44 30.65
35772 0.10 -0.12 1.02 -67.49 -32.59 -128.37 -13.75 39.84 -23.86 30.65
35852 0.17 -0.10 0.99 -7.10 2.48 -97.14 -13.75 39.84 -23.86 30.65
35932 0.17 -0.03 1.01 -30.68 -11.94 -29.82 -12.52 41.08 -24.03 30.68
36012 0.14 -0.22 0.94 -14.06 -15.12 6.10 -13.93 42.13 -22.67 30.67
36092 0.63 0.84 0.56 5.78 -7.12 24.77 -13.93 42.13 -22.67 30.68
36172 0.03 -0.08 1.02 -2.64 -14.31 -18.98 -13.05 41.25 -23.86 30.67
36252 0.11 0.02 0.99 -43.75 35.77 -49.98 -13.05 41.25 -23.86 30.68
36332 0.02 -0.16 1.00 -88.46 53.76 -134.60 -14.28 43.54 -25.05 30.68
36412 0.00 -0.35 0.94 -67.31 -38.81 -97.76 -7.40 50.07 -20.45 30.69
36492 0.09 -0.34 0.91 33.43 -14.87 -54.76 -7.40 50.07 -20.45 30.69
36572 0.15 -0.20 0.95 34.71 -54.80 -23.98 -6.52 46.72 -20.62 30.67
36652 0.16 -0.20 0.96 38.46 15.91 4.64 -9.70 46.01 -20.96 30.69
36732 0.09 -0.15 0.98 11.67 37.23 17.84 -9.70 46.01 -20.96 30.68
36812 -0.13 -0.16 1.05 -13.60 24.50 28.27 -11.11 49.54 -21.30 30.71
36892 0.05 -0.18 0.87 -8.23 13.69 3.78 -11.11 49.54 -21.30 30.70
36972 0.04 -0.19 0.92 -29.93 2.87 -11.67 -11.28 51.83 -21.48 30.73
37052 -0.01 -0.19 0.96 5.32 32.33 20.45 -10.05 53.06 -20.96 30.73
37132 -0.15 -0.20 0.92 -98.82 116.63 0.61 -10.05 53.06 -20.96 30.73
37212 -0.24 -0.35 0.79 -169.15 47.29 6.67 -3.53 60.65 -19.43 30.75
37292 -0.24 -0.69 0.72 -142.17 -57.17 -31.65 13.05 64.17 -19.43 30.76
37372 -0.19 -0.74 0.62 -96.48 -22.41 -25.13 13.05 64.17 -19.43 30.75
37452 -0.16 -0.84 0.43 -191.87 -14.67 -22.54 24.86 61.53 -24.71 30.76
37532 -0.13 -0.96 0.14 -198.09 -24.55 -40.44 40.02 58.00 -38.69 30.75
37612 -0.08 -1.01 0.00 -93.67 -22.03 11.17 40.02 58.00 -38.69 30.76
37692 -0.08 -1.03 -0.13 -97.76 -15.03 -4.94 47.42 58.00 -51.30 30.76
37772 -0.10 -0.99 -0.24 -46.13 -20.90 19.07 47.42 58.00 -51.30 30.75
37852 -0.13 -0.99 -0.31 -46.20 -14.95 0.29 49.36 57.12 -59.31 30.78
37932 -0.12 -0.96 -0.31 -8.92 -10.07 0.07 49.72 57.12 -62.72 30.76
38012 -0.11 -0.93 -0.32 -15.34 5.59 -17.27 49.72 57.12 -62.72 30.76
38092 -0.10 -0.95 -0.34 -1.91 1.40 -9.82 49.19 57.30 -63.23 30.78
38172 -0.10 -0.99 -0.31 49.59 -1.79 4.80 49.19 55.53 -64.26 30.79
38252 -0.09 -0.95 -0.21 84.71 7.10 -10.50 49.19 55.53 -64.26 30.78
38332 -0.09 -1.01 -0.07 157.40 1.83 -17.24 46.37 56.24 -54.71 30.79
38412 -0.06 -0.97 0.19 191.78 -19.18 -22.69 46.37 56.24 -54.71 30.78
38492 -0.01 -0.87 0.44 137.05 5.39 -29.06 36.85 50.60 -36.99 30.80
38572 0.00 -0.76 0.61 160.18 0.00 -19.70 25.39 51.13 -26.59 30.80
38652 0.02 -0.63 0.76 151.61 -6.74 -12.39 25.39 51.13 -26.59 30.78
38732 0.03 -0.45 0.84 116.85 -0.90 -22.22 8.29 50.24 -19.26 30.80
38812 0.04 -0.30 0.93 116.19 0.58 -9.76 -3.35 51.65 -20.62 30.82
38892 0.04 -0.15 0.97 112.48 -2.79 1.86 -3.35 51.65 -20.62 30.82
38972 0.03 -0.01 1.00 71.81 7.13 -4.38 -14.99 50.60 -22.33 30.81
39052 0.03 0.06 1.00 -0.89 31.91 2.11 -14.99 50.60 -22.33 30.81
39132 -0.04 -0.01 1.01 -11.34 26.06 -1.67 -20.10 52.54 -24.20 30.81
39212 -0.05 -0.01 0.98 11.92 -19.71 0.63 -19.39 54.30 -25.57 30.82
39292 -0.03 0.02 1.01 29.05 -7.10 -2.32 -19.39 54.30 -25.57 30.81
39372 -0.02 0.09 0.99 38.67 -4.53 -2.87 -21.51 52.18 -26.93 30.81
39452 -0.00 0.14 1.00 29.27 -4.62 -7.11 -24.86 52.36 -27.44 30.81
39532 -0.01 0.17 0.98 11.53 -6.45 -3.18 -24.86 52.36 -27.44 30.82
39612 0.01 0.17 0.98 -1.83 -7.66 3.36 -26.44 50.77 -28.97 30.82
39692 0.01 0.17 0.99 -1.38 -2.90 0.78 -27.50 51.83 -30.34 30.81
39772 0.02 0.17 0.97 7.00 -9.65 -0.89 -27.50 51.83 -30.34 30.81
39852 0.02 0.18 0.97 -0.75 -2.66 2.30 -28.03 50.95 -30.17 30.83
39932 0.03 0.21 0.98 -7.12 2.37 8.17 -28.03 50.95 -30.17 30.84
40012 0.12 0.16 0.95 -53.45 16.87 0.74 -25.92 51.65 -29.83 30.84
40092 0.02 0.14 0.98 -11.95 6.84 47.51 -23.09 49.54 -27.78 30.85
40172 0.01 0.07 0.98 -82.70 32.64 33.92 -23.09 49.54 -27.78 30.84
40252 -0.11 -0.19 0.94 -140.18 62.79 30.04 -15.87 49.72 -23.18 30.85
40332 -0.16 -0.33 0.92 -130.62 43.87 1.87 -3.00 56.24 -19.26 30.85
40412 -0.19 -0.50 0.82 -125.74 17.68 -11.60 -3.00 56.24 -19.26 30.87
40492 -0.19 -0.64 0.71 -155.54 4.82 -7.03 11.64 59.59 -19.77 30.85
40572 -0.17 -0.77 0.54 -178.30 14.63 -19.28 11.64 59.59 -19.77 30.88
40652 -0.16 -0.93 0.32 -196.29 5.17 -3.48 26.97 59.41 -29.83 30.87
40732 -0.19 -0.97 -0.02 -214.20 35.21 -0.27 44.07 60.29 -43.29 30.88
40812 -0.18 -0.95 -0.31 -206.13 23.52 -7.55 44.07 60.29 -43.29 30.87
40892 -0.14 -0.85 -0.51 -153.20 -3.70 -27.20 50.24 61.88 -64.94 30.89
40972 -0.12 -0.75 -0.65 -133.65 -22.64 -16.24 46.89 61.00 -80.79 30.90
41052 -0.14 -0.60 -0.82 -134.48 -14.34 -3.56 46.89 61.00 -80.79 30.93
41132 -0.12 -0.51 -0.88 -96.98 8.87 2.10 41.96 58.18 -95.79 31.00
41212 -0.14 -0.40 -0.95 -72.25 -11.99 0.73 41.96 58.18 -95.79 31.08
41292 -0.12 -0.26 -0.95 -102.71 12.56 -16.50 37.02 57.82 -103.29 31.12
41372 -0.01 -0.12 -1.06 -97.22 17.79 -21.85 26.97 57.30 -111.64 31.21
41452 -0.11 -0.04 -1.01 -74.13 6.00 -22.35 26.97 57.30 -111.64 31.26
41532 -0.10 0.03 -1.02 -42.95 -14.10 -5.24 16.92 53.95 -115.90 31.32
41612 -0.12 0.12 -1.01 -18.12 -9.36 -6.71 13.40 54.30 -118.63 31.39
41692 -0.14 0.09 -0.99 -12.35 2.52 -2.88 13.40 54.30 -118.63 31.41
41772 -0.13 0.11 -0.99 1.86 -3.49 -2.40 12.52 55.89 -119.48 31.45
41852 -0.14 0.11 -1.01 4.55 -8.01 -5.83 12.34 56.41 -119.31 31.47
41932 -0.16 0.06 -1.03 23.37 -7.80 -7.74 12.34 56.41 -119.31 31.53
42012 -0.18 -0.02 -1.00 93.24 -5.74 29.79 15.34 56.59 -117.77 31.58
42092 -0.16 -0.18 -1.03 135.40 -5.33 40.31 15.34 56.59 -117.77 31.60
42172 -0.19 -0.38 -0.95 193.94 -5.14 49.76 26.27 58.71 -111.64 31.63
42252 -0.24 -0.60 -0.82 222.56 -12.59 40.80 42.13 64.00 -96.30 31.62
42332 -0.27 -0.78 -0.60 184.79 -14.78 6.97 42.13 64.00 -96.30 31.60
42412 -0.29 -0.88 -0.40 164.77 -13.67 -10.09 48.48 68.23 -72.78 31.58
42492 -0.28 -0.95 -0.14 170.73 -23.25 -22.03 47.60 65.58 -56.24 31.56
42572 -0.24 -0.90 0.12 201.19 -45.36 -27.46 47.60 65.58 -56.24 31.55
42652 -0.19 -0.89 0.37 169.20 -27.01 -37.03 37.20 61.17 -35.62 31.51
42732 -0.15 -0.80 0.57 189.55 -36.22 -28.31 37.20 61.17 -35.62 31.50
42812 -0.08 -0.58 0.77 195.17 -21.13 -23.51 22.57 54.65 -25.57 31.47
42892 -0.02 -0.34 0.90 162.06 -30.22 -27.70 2.64 52.36 -20.62 31.52
42972 0.01 -0.14 0.94 134.87 1.46 -33.53 2.64 52.36 -20.62 31.47
43052 -0.01 0.01 0.97 102.30 9.02 -52.36 -12.69 52.18 -21.48 31.46
43132 -0.03 0.15 0.98 62.32 6.44 -25.74 -23.98 53.95 -26.59 31.45
43212 -0.01 0.17 1.00 9.83 -5.90 -12.09 -23.98 53.95 -26.59 31.42
43292 -0.01 0.16 0.98 0.79 -11.77 -6.97 -27.15 53.24 -29.32 31.44
43372 -0.01 0.18 0.99 18.13 -4.84 -10.31 -27.15 53.59 -27.61 31.44
43452 -0.27 0.08 1.02 27.66 -15.82 114.88 -27.15 53.59 -27.61 31.42
43532 -0.01 0.24 0.99 -7.07 -18.17 2.31 -28.21 49.36 -30.34 31.43
43612 0.14 0.16 0.96 -21.93 -10.89 -21.55 -28.21 49.36 -30.34 31.40
43692 0.18 0.16 0.98 -11.92 -17.14 -56.74 -27.68 48.48 -27.78 31.42
43772 0.09 0.18 0.98 17.75 -57.60 -33.68 -26.80 47.25 -29.32 31.41
43852 0.28 0.25 0.89 30.23 -104.52 -95.73 -26.80 47.25 -29.32 31.40
43932 0.39 0.31 0.89 20.72 -147.56 4.53 -30.68 44.43 -32.38 31.41
44012 0.54 0.26 0.76 3.81 -148.32 28.82 -33.14 37.02 -39.20 31.39
44092 0.69 0.32 0.63 -8.37 -125.66 81.81 -33.14 37.02 -39.20 31.40
44172 0.79 0.08 0.47 -76.72 -137.95 77.67 -28.56 22.57 -47.04 31.42
44252 0.86 0.03 0.31 -64.25 -175.10 59.55 -28.56 22.57 -47.04 31.39
44332 0.95 -0.14 0.05 -47.19 -217.62 97.94 -18.33 14.10 -57.95 31.37
44412 0.94 -0.27 -0.22 12.86 -140.66 53.42 -9.87 10.93 -77.72 31.38
44492 0.85 -0.31 -0.40 0.43 -137.81 20.39 -9.87 10.93 -77.72 31.35
44572 0.88 -0.25 -0.55 -84.86 -107.53 21.71 -5.99 14.46 -91.01 31.36
44652 0.69 -0.37 -0.82 -40.19 -143.46 30.53 -10.23 22.92 -102.26 31.35
44732 0.49 -0.31 -0.88 24.75 -144.51 36.78 -10.23 22.92 -102.26 31.33
44812 0.40 -0.25 -0.89 -8.20 -69.89 -2.66 -4.76 32.61 -111.98 31.36
44892 0.28 -0.26 -0.90 -37.90 -58.56 -4.79 -4.76 32.61 -111.98 31.32
44972 0.20 -0.19 -1.05 -32.48 -57.56 -38.73 -6.88 40.02 -117.43 31.33
45052 0.13 -0.20 -1.01 -44.61 -45.27 -48.29 -13.05 46.89 -116.92 31.36
45132 0.07 -0.12 -1.03 -20.16 -58.78 -42.65 -13.05 46.89 -116.92 31.35
45212 0.05 -0.09 -1.05 11.10 -51.67 -18.36 -16.57 55.36 -115.56 31.37
45292 -0.05 -0.05 -1.04 -19.53 -19.53 -3.72 -17.98 58.88 -115.22 31.34
45372 -0.11 -0.03 -1.03 -21.37 -21.28 -2.03 -17.98 58.88 -115.22 31.34
45452 -0.11 -0.06 -1.02 -8.29 -15.30 -5.84 -16.92 63.11 -112.83 31.36
45532 -0.12 -0.03 -1.02 -3.63 -11.58 -5.49 -18.51 64.00 -114.36 31.34
45612 -0.11 -0.01 -1.02 -4.56 1.30 -11.77 -18.51 64.00 -114.36 31.35
45692 -0.14 -0.02 -1.03 -5.45 10.33 -4.37 -19.04 64.88 -114.53 31.35
45772 -0.01 -0.01 -1.08 0.38 51.65 7.54 -19.04 64.88 -114.53 31.38
45852 0.05 -0.03 -0.98 3.69 131.39 31.85 -18.86 62.23 -115.39 31.37
45932 0.23 -0.07 -1.02 10.16 136.26 22.20 -17.10 48.83 -116.41 31.34
46012 0.47 -0.13 -0.94 47.09 152.29 18.17 -17.10 48.83 -116.41 31.34
46092 0.59 -0.20 -0.81 50.77 179.56 15.31 -14.81 31.73 -111.13 31.36
46172 0.78 -0.23 -0.63 13.69 219.09 31.46 -10.05 18.51 -98.68 31.34
46252 0.84 -0.25 -0.38 58.64 178.92 2.00 -10.05 18.51 -98.68 31.34
46332 0.89 -0.25 -0.10 47.29 215.69 -53.19 -6.70 8.46 -79.42 31.34
46412 0.95 -0.15 0.19 28.92 212.27 -59.17 -6.70 8.46 -79.42 31.35
46492 0.85 -0.17 0.28 2.98 211.28 -46.68 -13.22 11.11 -57.44 31.38
46572 0.63 -0.06 0.75 -22.43 158.68 -7.55 -18.86 22.04 -38.01 31.35
46652 0.48 -0.10 0.79 25.99 132.21 5.11 -18.86 22.04 -38.01 31.38
46732 0.29 -0.03 0.90 6.37 117.29 -45.50 -19.22 36.49 -27.44 31.38
46812 0.12 0.01 1.01 10.35 96.44 -22.84 -20.10 46.89 -23.52 31.38
46892 0.09 -0.07 0.93 16.46 110.93 -17.16 -20.10 46.89 -23.52 31.35
46972 -0.19 -0.01 1.46 14.55 84.94 8.44 -21.68 59.41 -21.99 31.38
47052 -0.17 0.08 1.01 21.10 56.56 22.94 -23.80 64.35 -23.69 31.35
47132 -0.24 0.12 0.93 -14.37 3.31 2.65 -23.80 64.35 -23.69 31.38
47212 -0.20 0.05 0.96 -27.48 -11.82 -5.88 -23.80 64.35 -24.71 31.39
47292 -0.18 -0.07 1.08 -29.27 -26.93 5.65 -23.80 64.35 -24.71 31.37
47372 -0.18 0.01 0.97 -13.09 -11.31 2.13 -20.10 63.82 -22.50 31.38
47452 -0.14 -0.02 0.98 -14.77 -10.83 3.04 -18.51 62.23 -23.01 31.39
47532 -0.15 -0.03 1.01 -17.01 15.85 -0.44 -18.51 62.23 -23.01 31.37
47612 -0.16 -0.08 1.01 -12.87 3.47 18.46 -17.63 63.82 -22.50 31.39
47692 -0.16 -0.06 0.97 10.25 -41.40 20.90 -15.87 59.94 -21.82 31.40
47772 -0.11 -0.04 1.00 18.84 -18.81 20.70 -15.87 59.94 -21.82 31.40
47852 -0.09 -0.02 0.98 0.68 -19.92 6.71 -17.63 56.41 -23.18 31.39
47932 -0.05 -0.00 1.00 -0.99 -45.71 -10.86 -17.63 56.41 -23.18 31.39
48012 -0.01 0.07 1.02 -1.02 -16.96 -16.75 -18.86 54.12 -23.69 31.40
48092 -0.03 0.03 0.97 11.25 9.12 -7.55 -18.69 53.59 -23.18 31.40
48172 -0.05 0.00 1.02 5.91 6.80 16.03 -18.69 53.59 -23.18 31.41
48252 0.06 -0.06 0.99 -11.82 -11.44 11.55 -20.63 54.83 -24.37 31.39
48332 0.01 0.00 0.99 -5.65 -4.59 1.61 -19.39 53.59 -24.20 31.41
48412 0.03 -0.02 1.00 -4.65 0.32 5.90 -19.39 53.59 -24.20 31.40
48492 0.03 -0.03 1.00 -5.87 -1.62 -2.32 -19.57 54.48 -24.03 31.41
48572 0.01 0.00 0.98 3.61 4.58 14.14 -19.57 54.48 -24.03 31.41
48652 0.06 -0.01 0.98 -1.44 1.14 3.03 -17.98 53.24 -23.52 31.40
48732 -0.00 -0.01 0.99 0.34 4.13 2.20 -19.39 52.89 -24.54 31.40
48812 0.01 -0.02 0.99 -3.92 -0.85 -5.20 -19.39 52.89 -24.54 31.42
48892 -0.02 -0.05 0.98 -8.61 -4.26 -2.47 -18.16 52.36 -24.03 31.42
48972 -0.01 -0.04 1.02 3.11 6.15 1.34 -16.40 52.71 -24.71 31.41
49052 0.01 -0.03 0.99 4.94 3.81 3.17 -16.40 52.71 -24.71 31.40
49132 -0.01 -0.01 0.99 4.43 3.73 4.41 -17.98 53.59 -22.84 31.40
49212 0.04 -0.02 0.99 1.63 -1.04 -4.87 -19.04 52.54 -22.50 31.41
49292 -0.00 -0.01 0.98 -1.03 1.03 -0.52 -19.04 52.54 -22.50 31.39
49372 0.01 -0.01 1.02 -0.16 0.62 3.85 -18.16 53.77 -23.01 31.43
49452 0.02 -0.02 0.98 -2.54 -1.44 -1.79 -18.16 53.77 -23.01 31.41
49532 -0.02 -0.01 0.99 0.32 2.78 6.77 -19.39 52.54 -23.52 31.41
49612 0.01 -0.02 1.01 -1.30 -1.41 1.14 -19.04 53.59 -24.88 31.41
49692 0.01 -0.02 0.99 -0.01 -0.47 -1.86 -19.04 53.59 -24.88 31.41
49772 0.00 -0.00 0.98 0.05 0.11 -2.41 -20.45 53.59 -22.50 31.42
49852 0.01 -0.01 1.00 0.45 2.09 4.09 -19.22 53.06 -24.03 31.41
49932 0.01 -0.02 0.99 -0.34 0.09 0.33 -19.22 53.06 -24.03 31.40
50012 -0.01 -0.02 1.01 0.32 -0.23 -0.14 -20.98 52.36 -24.37 31.42
50092 0.01 0.00 0.99 -0.89 -1.40 -3.01 -20.98 52.36 -24.37 31.41
50172 0.02 -0.03 0.99 -0.29 0.18 1.73 -19.39 52.54 -23.86 31.41
50252 0.02 -0.02 0.99 -1.83 -0.36 -2.16 -20.27 53.77 -23.69 31.41
50332 0.02 -0.00 0.99 0.89 1.17 -0.87 -20.27 53.77 -23.69 31.40
50412 0.01 -0.01 0.98 -0.95 -0.24 -1.32 -19.04 52.54 -23.18 31.41
50492 0.01 -0.01 1.00 -1.06 0.04 -1.48 -18.69 52.18 -23.18 31.44
50572 0.02 -0.01 0.99 -1.53 0.33 -0.74 -18.69 52.18 -23.18 31.39
50652 0.00 -0.01 0.99 -0.65 0.35 -0.08 -19.04 52.89 -22.50 31.40
50732 0.01 -0.01 1.00 -1.77 -1.22 -2.40 -19.04 53.95 -23.18 31.41
50812 0.01 -0.01 0.99 -1.55 -0.76 -1.23 -19.04 53.95 -23.18 31.41
50892 0.03 -0.04 0.98 -3.46 0.08 -2.82 -17.81 52.36 -24.37 31.40
50972 -0.03 0.05 0.96 -3.17 -3.70 -5.91 -17.81 52.36 -24.37 31.39
