843 0.5869 0.7739 -0.2803 -0.5188 -0.0610 -0.5188 -48.6575 44.0739 -74.6520 28.3442 167.0102
877 0.5884 0.7739 -0.2778 -0.4883 -0.1831 -0.4883 -48.6575 44.0739 -74.6520 28.3562 167.0657
909 0.5874 0.7725 -0.2783 -0.4883 0.0916 -0.5188 -48.6575 44.0739 -74.6520 28.3681 167.1846
942 0.5879 0.7720 -0.2773 -0.5798 -0.0916 -0.5798 -48.8338 42.4872 -72.7772 28.3442 167.3167
978 0.5879 0.7729 -0.2793 -0.4883 -0.0610 -0.5188 -48.8338 42.4872 -72.7772 28.3532 167.1423
1010 0.5889 0.7720 -0.2764 -0.5493 0.0000 -0.4578 -48.8338 42.4872 -72.7772 28.3532 167.4330
1042 0.5879 0.7725 -0.2803 -0.3967 -0.1221 -0.4883 -48.3049 42.3109 -74.3111 28.3502 167.1265
1076 0.5859 0.7710 -0.2749 -0.5188 0.0916 -0.4883 -48.3049 42.3109 -74.3111 28.3562 167.2322
1108 0.5869 0.7744 -0.2759 -0.5188 -0.1526 -0.4272 -48.3049 42.3109 -74.3111 28.3681 167.2031
1144 0.5879 0.7739 -0.2808 -0.4883 0.1221 -0.4578 -48.3049 42.3109 -74.3111 28.3801 167.0868
1198 0.5869 0.7754 -0.2773 -0.4578 0.0610 -0.4883 -47.7761 43.5450 -73.7998 28.3442 167.0261
1231 0.5884 0.7734 -0.2749 -0.5798 -0.0916 -0.4272 -47.7761 43.5450 -73.7998 28.3532 167.0261
1264 0.5854 0.7739 -0.2754 -0.5188 0.0000 -0.5188 -47.7761 43.5450 -73.7998 28.3502 167.2454
1296 0.5859 0.7725 -0.2778 -0.5493 -0.0610 -0.5188 -50.0679 43.0161 -72.2659 28.3532 166.9996
1334 0.5869 0.7744 -0.2793 -0.4578 -0.1221 -0.6104 -50.0679 43.0161 -72.2659 28.3592 166.9257
1366 0.5859 0.7720 -0.2773 -0.4883 0.0000 -0.4883 -50.0679 43.0161 -72.2659 28.3532 167.1159
1397 0.5869 0.7729 -0.2817 -0.4578 -0.0305 -0.4272 -50.0679 43.0161 -72.2659 28.3442 167.2163
1430 0.5850 0.7744 -0.2769 -0.4272 -0.0610 -0.4883 -47.7761 42.4872 -73.4590 28.3562 166.9996
1464 0.5864 0.7734 -0.2778 -0.4272 -0.0916 -0.5798 -47.7761 42.4872 -73.4590 28.3502 166.9521
1496 0.5874 0.7729 -0.2783 -0.5493 -0.1221 -0.5493 -47.7761 42.4872 -73.4590 28.3412 166.9838
1531 0.5884 0.7739 -0.2793 -0.4883 -0.0916 -0.5188 -47.7761 42.4872 -73.4590 28.3681 167.1450
1564 0.5854 0.7734 -0.2793 -0.5493 -0.0305 -0.5188 -49.1864 42.8398 -74.1407 28.3472 167.0710
1597 0.5874 0.7725 -0.2788 -0.4883 -0.0305 -0.4578 -49.1864 42.8398 -74.1407 28.3681 166.9679
1630 0.5864 0.7725 -0.2803 -0.4883 -0.2136 -0.5798 -49.1864 42.8398 -74.1407 28.3532 167.0128
1662 0.5898 0.7749 -0.2808 -0.5188 -0.0305 -0.4272 -49.1864 42.8398 -74.1407 28.3741 166.8252
1698 0.5864 0.7715 -0.2769 -0.4272 -0.0305 -0.5188 -47.5998 44.4264 -74.3111 28.3472 167.0551
1731 0.5864 0.7734 -0.2783 -0.4578 0.0610 -0.4883 -47.5998 44.4264 -74.3111 28.3621 167.1000
1764 0.5874 0.7734 -0.2788 -0.5493 -0.1221 -0.5188 -47.5998 44.4264 -74.3111 28.3472 167.1000
1796 0.5854 0.7729 -0.2798 -0.4883 -0.0916 -0.5188 -47.5998 44.4264 -74.3111 28.3502 167.3431
1828 0.5874 0.7744 -0.2744 -0.5188 0.0000 -0.3967 -48.1286 43.1924 -72.7772 28.3711 166.9124
1865 0.5869 0.7739 -0.2803 -0.5188 0.0305 -0.4272 -48.1286 43.1924 -72.7772 28.3651 166.9706
1897 0.5869 0.7739 -0.2788 -0.4272 0.0305 -0.4272 -48.1286 43.1924 -72.7772 28.3711 166.8252
1930 0.5864 0.7725 -0.2749 -0.4578 -0.1221 -0.4578 -48.8338 43.5450 -74.4816 28.3741 167.2586
1963 0.5864 0.7710 -0.2813 -0.5188 -0.1221 -0.5188 -48.8338 43.5450 -74.4816 28.3442 166.8834
1995 0.5864 0.7729 -0.2803 -0.5493 0.0305 -0.3967 -48.8338 43.5450 -74.4816 28.3592 166.9257
2027 0.5879 0.7749 -0.2822 -0.5188 -0.0305 -0.5188 -48.8338 43.5450 -74.4816 28.3592 166.8675
2063 0.5864 0.7749 -0.2739 -0.4578 0.0000 -0.4272 -48.6575 42.6635 -73.9703 28.3681 167.0419
2097 0.5850 0.7734 -0.2813 -0.4578 -0.0305 -0.5188 -48.6575 42.6635 -73.9703 28.3711 166.9257
2129 0.5884 0.7744 -0.2749 -0.5188 0.0610 -0.4883 -48.6575 42.6635 -73.9703 28.3621 167.2163
2161 0.5850 0.7729 -0.2783 -0.5493 -0.1221 -0.6409 -48.6575 42.6635 -73.9703 28.3262 167.1291
2194 0.5869 0.7729 -0.2754 -0.5188 -0.0916 -0.5493 -47.5998 42.6635 -72.9476 28.3771 167.1344
2231 0.5854 0.7734 -0.2764 -0.5188 0.0000 -0.5798 -47.5998 42.6635 -72.9476 28.3651 167.0736
2263 0.5874 0.7720 -0.2803 -0.4883 -0.0305 -0.5188 -47.5998 42.6635 -72.9476 28.3861 166.8543
2295 0.5850 0.7734 -0.2798 -0.4578 -0.0916 -0.4272 -47.5998 42.6635 -72.9476 28.3502 166.8543
2327 0.5874 0.7720 -0.2759 -0.5188 -0.0305 -0.5188 -49.1864 42.8398 -72.4363 28.3651 167.2454
2361 0.5854 0.7734 -0.2783 -0.4883 0.0305 -0.3662 -49.1864 42.8398 -72.4363 28.3891 167.1608
2393 0.5869 0.7729 -0.2754 -0.5188 -0.0305 -0.4578 -49.1864 42.8398 -72.4363 28.3592 167.0736
2428 0.5859 0.7749 -0.2769 -0.5188 -0.0610 -0.4272 -48.8338 43.5450 -74.8225 28.3741 167.1740
2462 0.5874 0.7734 -0.2773 -0.4578 -0.0305 -0.5188 -48.8338 43.5450 -74.8225 28.3771 167.2454
2495 0.5864 0.7734 -0.2798 -0.3662 0.0305 -0.3662 -48.8338 43.5450 -74.8225 28.3681 167.2612
2527 0.5884 0.7739 -0.2827 -0.4883 -0.1526 -0.5188 -48.8338 43.5450 -74.8225 28.3771 167.4488
2560 0.5879 0.7734 -0.2744 -0.5188 -0.0305 -0.5493 -46.7183 43.1924 -74.1407 28.3592 167.2322
2596 0.5864 0.7744 -0.2783 -0.4883 -0.0305 -0.5188 -46.7183 43.1924 -74.1407 28.3741 167.1899
2628 0.5869 0.7739 -0.2793 -0.4883 -0.0305 -0.5798 -46.7183 43.1924 -74.1407 28.3831 167.0287
2661 0.5874 0.7734 -0.2783 -0.4883 -0.1221 -0.6104 -46.7183 43.1924 -74.1407 28.3532 167.1899
2693 0.5859 0.7739 -0.2769 -0.4578 -0.0305 -0.4578 -49.3627 42.3109 -74.6520 28.3562 167.1159
2726 0.5879 0.7759 -0.2788 -0.5493 0.0305 -0.5188 -49.3627 42.3109 -74.6520 28.3861 167.4488
2771 0.5864 0.7720 -0.2798 -0.5188 -0.2441 -0.5188 -49.3627 42.3109 -74.6520 28.3771 167.2163
2804 0.5874 0.7729 -0.2773 -0.5188 -0.0916 -0.3967 -49.3627 42.3109 -74.6520 28.3891 167.4066
2836 0.5874 0.7734 -0.2778 -0.4578 0.0305 -0.3967 -47.7761 43.1924 -73.7998 28.3831 167.1635
2870 0.5884 0.7739 -0.2769 -0.5493 -0.1221 -0.4578 -47.7761 43.1924 -73.7998 28.3831 167.4647
2902 0.5850 0.7725 -0.2754 -0.3967 -0.0610 -0.5188 -47.7761 43.1924 -73.7998 28.3651 167.2771
2934 0.5874 0.7754 -0.2778 -0.4578 0.0000 -0.4578 -49.0101 43.3687 -72.9476 28.3472 167.5228
2971 0.5864 0.7729 -0.2783 -0.4272 -0.1221 -0.4883 -49.0101 43.3687 -72.9476 28.3621 167.5783
3004 0.5889 0.7739 -0.2793 -0.4883 -0.0610 -0.3967 -49.0101 43.3687 -72.9476 28.3711 167.5941
3036 0.5854 0.7725 -0.2778 -0.5188 -0.1526 -0.5798 -49.0101 43.3687 -72.9476 28.3681 167.4779
3068 0.5903 0.7734 -0.2739 -0.5798 0.0916 -0.3357 -48.3049 43.7213 -73.2885 28.3831 167.4224
3101 0.5884 0.7725 -0.2759 -0.4883 -0.1526 -0.4578 -48.3049 43.7213 -73.2885 28.4101 167.2612
3149 0.5884 0.7729 -0.2778 -0.5188 -0.0305 -0.5188 -48.3049 43.7213 -73.2885 28.3861 167.1159
3212 0.5879 0.7729 -0.2778 -0.5188 -0.0610 -0.5493 -47.9524 44.0739 -73.9703 28.3621 166.8834
3246 0.5884 0.7744 -0.2754 -0.4272 0.0305 -0.4883 -47.9524 44.0739 -73.9703 28.3801 166.9283
3277 0.5884 0.7744 -0.2778 -0.5493 -0.0305 -0.5493 -47.9524 44.0739 -73.9703 28.3651 167.2507
3310 0.5884 0.7715 -0.2769 -0.5188 -0.0610 -0.4578 -46.8946 43.3687 -73.9703 28.3801 167.1767
3347 0.5884 0.7734 -0.2813 -0.3967 -0.0610 -0.4883 -46.8946 43.3687 -73.9703 28.3771 167.4092
3380 0.5859 0.7744 -0.2793 -0.4578 -0.0916 -0.4272 -46.8946 43.3687 -73.9703 28.3861 167.1476
3411 0.5869 0.7744 -0.2793 -0.4883 0.0916 -0.4883 -46.8946 43.3687 -73.9703 28.3651 167.2639
3444 0.5889 0.7749 -0.2759 -0.4883 -0.1221 -0.5493 -47.0709 42.4872 -74.1407 28.3711 167.1925
3477 0.5869 0.7734 -0.2769 -0.5188 0.0305 -0.4883 -47.0709 42.4872 -74.1407 28.3921 167.2057
3510 0.5859 0.7725 -0.2783 -0.4883 0.0610 -0.4578 -47.0709 42.4872 -74.1407 28.3741 167.1185
3546 0.5869 0.7739 -0.2788 -0.3967 -0.1831 -0.5493 -47.0709 42.4872 -74.1407 28.3831 167.0895
3577 0.5869 0.7734 -0.2734 -0.4883 -0.1221 -0.4272 -47.5998 43.3687 -72.9476 28.4011 167.1476
3611 0.5869 0.7744 -0.2778 -0.5188 0.0000 -0.5493 -47.5998 43.3687 -72.9476 28.3921 167.0895
3643 0.5879 0.7729 -0.2803 -0.4272 -0.0610 -0.4883 -47.5998 43.3687 -72.9476 28.3801 167.0763
3676 0.5864 0.7720 -0.2778 -0.4883 -0.0305 -0.5188 -47.5998 43.3687 -72.9476 28.4071 167.0763
3712 0.5869 0.7729 -0.2754 -0.4883 -0.1221 -0.4578 -47.7761 44.2501 -73.1181 28.3981 167.1767
3745 0.5874 0.7734 -0.2803 -0.4578 0.0000 -0.4883 -47.7761 44.2501 -73.1181 28.3891 167.1767
3777 0.5854 0.7749 -0.2754 -0.5188 -0.0305 -0.5798 -47.7761 44.2501 -73.1181 28.3891 166.9732
3810 0.5884 0.7734 -0.2788 -0.5188 0.0000 -0.5798 -47.7761 44.2501 -73.1181 28.3921 166.9124
3842 0.5874 0.7734 -0.2773 -0.4883 -0.0610 -0.3357 -49.0101 43.3687 -73.2885 28.3711 167.3378
3878 0.5850 0.7739 -0.2798 -0.5188 -0.0305 -0.4578 -49.0101 43.3687 -73.2885 28.3891 167.1317
3911 0.5884 0.7739 -0.2754 -0.6104 0.0000 -0.5188 -49.0101 43.3687 -73.2885 28.3861 167.3352
3943 0.5864 0.7744 -0.2759 -0.4578 -0.0916 -0.4578 -49.7153 42.3109 -72.9476 28.3651 167.1740
3977 0.5889 0.7734 -0.2773 -0.4883 -0.0610 -0.5188 -49.7153 42.3109 -72.9476 28.3891 167.1317
4008 0.5879 0.7725 -0.2827 -0.5493 -0.1526 -0.4272 -49.7153 42.3109 -72.9476 28.3741 167.0604
4041 0.5864 0.7734 -0.2783 -0.4272 0.0305 -0.4883 -49.7153 42.3109 -72.9476 28.4041 167.1185
4077 0.5874 0.7729 -0.2783 -0.5493 -0.1526 -0.4272 -48.1286 43.5450 -73.4590 28.3831 167.3643
4111 0.5908 0.7734 -0.2739 -0.4883 0.0305 -0.4272 -48.1286 43.5450 -73.4590 28.3981 167.0736
4143 0.5840 0.7749 -0.2856 -0.5188 -0.3967 -0.5493 -48.1286 43.5450 -73.4590 28.3981 167.0023
4175 0.5918 0.7700 -0.2783 -0.4272 0.3052 -0.3967 -48.1286 43.5450 -73.4590 28.3921 167.1899
4207 0.5869 0.7744 -0.2725 -0.5188 -0.4578 -0.5188 -47.9524 43.7213 -74.9929 28.3771 167.4092
4244 0.5898 0.7720 -0.2793 -0.4578 0.2136 -0.2747 -47.9524 43.7213 -74.9929 28.3801 167.2612
4277 0.5869 0.7739 -0.2783 -0.5798 -0.3967 -0.5493 -47.9524 43.7213 -74.9929 28.3891 167.2612
4308 0.5854 0.7734 -0.2778 -0.4883 0.0610 -0.4883 -47.9524 43.7213 -74.9929 28.3592 167.1027
4341 0.5879 0.7749 -0.2759 -0.4578 0.0610 -0.4272 -48.3049 44.7790 -73.2885 28.4191 167.0155
4374 0.5845 0.7744 -0.2813 -0.4883 -0.2136 -0.5188 -48.3049 44.7790 -73.2885 28.4071 167.2480
4410 0.5874 0.7749 -0.2769 -0.4578 0.0305 -0.3967 -48.3049 44.7790 -73.2885 28.3861 166.9732
4443 0.5874 0.7739 -0.2788 -0.5493 -0.2441 -0.4883 -47.0709 43.1924 -72.4363 28.3861 166.9732
4475 0.5874 0.7729 -0.2788 -0.4883 0.0610 -0.4578 -47.0709 43.1924 -72.4363 28.4041 167.3801
4508 0.5884 0.7725 -0.2778 -0.5188 -0.1526 -0.4883 -47.0709 43.1924 -72.4363 28.3801 167.1185
4540 0.5879 0.7749 -0.2764 -0.5188 -0.0916 -0.4272 -47.0709 43.1924 -72.4363 28.3771 166.9864
4573 0.5884 0.7734 -0.2749 -0.4578 -0.0916 -0.5188 -48.1286 44.6027 -74.1407 28.3921 166.8015
4610 0.5850 0.7729 -0.2769 -0.4578 -0.0916 -0.5188 -48.1286 44.6027 -74.1407 28.3921 167.0895
4642 0.5864 0.7734 -0.2759 -0.4578 -0.0610 -0.3662 -48.1286 44.6027 -74.1407 28.3801 167.0155
4674 0.5879 0.7739 -0.2769 -0.4578 -0.1526 -0.5188 -48.1286 44.6027 -74.1407 28.3861 166.9600
4707 0.5908 0.7720 -0.2773 -0.5188 0.0916 -0.5188 -48.3049 43.0161 -74.9929 28.3831 167.1185
4740 0.5859 0.7744 -0.2778 -0.3967 -0.1831 -0.4883 -48.3049 43.0161 -74.9929 28.4101 166.9283
4775 0.5898 0.7739 -0.2759 -0.4883 0.0916 -0.4578 -48.3049 43.0161 -74.9929 28.3801 166.9864
4808 0.5850 0.7729 -0.2759 -0.4578 -0.2747 -0.4883 -48.3049 43.0161 -74.9929 28.3741 166.9864
4840 0.5889 0.7729 -0.2783 -0.4883 0.1221 -0.3662 -48.4812 42.8398 -73.1181 28.3831 167.1317
4874 0.5889 0.7739 -0.2754 -0.5493 -0.1831 -0.5493 -48.4812 42.8398 -73.1181 28.3711 166.9891
4905 0.5884 0.7744 -0.2803 -0.4272 0.0610 -0.4883 -48.4812 42.8398 -73.1181 28.3951 167.1635
4941 0.5908 0.7734 -0.2798 -0.4578 0.0000 -0.4272 -48.4812 42.8398 -73.1181 28.3741 166.9732
4974 0.5869 0.7739 -0.2783 -0.4578 -0.1831 -0.5188 -49.3627 43.7213 -74.6520 28.4131 166.9177
5007 0.5869 0.7734 -0.2773 -0.4883 -0.0610 -0.4272 -49.3627 43.7213 -74.6520 28.3861 167.1952
5040 0.5894 0.7725 -0.2803 -0.5188 -0.0610 -0.4578 -49.3627 43.7213 -74.6520 28.4101 166.9151
5072 0.5869 0.7720 -0.2788 -0.5493 -0.2136 -0.4578 -48.4812 42.8398 -73.7998 28.3921 167.1899
5105 0.5869 0.7729 -0.2803 -0.5798 -0.1221 -0.6409 -48.4812 42.8398 -73.7998 28.4011 167.1080
5164 0.5898 0.7729 -0.2734 -0.4272 0.6714 -0.2136 -48.4812 42.8398 -73.7998 28.3921 167.0181
5195 0.5908 0.7720 -0.2725 -0.5493 0.0000 -0.4883 -48.4812 42.8398 -73.7998 28.3711 167.1053
5227 0.5845 0.7754 -0.2769 -0.5798 -0.4272 -0.5493 -48.4812 43.8976 -73.4590 28.3891 166.9283
5261 0.5864 0.7749 -0.2793 -0.5493 0.2136 -0.4883 -48.4812 43.8976 -73.4590 28.3921 166.9019
5293 0.5898 0.7734 -0.2808 -0.6409 -0.2441 -0.5493 -48.4812 43.8976 -73.4590 28.3951 166.8728
5329 0.5859 0.7710 -0.2808 -0.5188 -0.0610 -0.4883 -49.1864 43.5450 -74.8225 28.3741 167.0155
5362 0.5864 0.7739 -0.2798 -0.5188 0.0916 -0.4883 -49.1864 43.5450 -74.8225 28.3921 166.8755
5395 0.5859 0.7734 -0.2803 -0.4272 -0.1526 -0.5188 -49.1864 43.5450 -74.8225 28.3921 167.1635
5427 0.5889 0.7705 -0.2759 -0.4883 0.0305 -0.4578 -49.1864 43.5450 -74.8225 28.4191 167.2797
5459 0.5859 0.7749 -0.2744 -0.5188 -0.3052 -0.5493 -47.4235 43.8976 -74.4816 28.3801 167.0155
5492 0.5894 0.7725 -0.2813 -0.3052 0.2441 -0.3662 -47.4235 43.8976 -74.4816 28.3981 166.9917
5529 0.5835 0.7754 -0.2798 -0.5798 -0.2441 -0.5188 -47.4235 43.8976 -74.4816 28.3921 166.9732
5561 0.5874 0.7725 -0.2827 -0.5493 0.0610 -0.4272 -47.4235 43.8976 -74.4816 28.3921 166.8887
5593 0.5859 0.7739 -0.2705 -0.5188 -0.0305 -0.5188 -48.6575 44.4264 -73.6294 28.3981 166.8887
5626 0.5854 0.7734 -0.2769 -0.5493 -0.1221 -0.5798 -48.6575 44.4264 -73.6294 28.4071 167.0340
5659 0.5879 0.7734 -0.2783 -0.4578 0.0610 -0.4272 -48.6575 44.4264 -73.6294 28.3831 167.0340
5695 0.5874 0.7715 -0.2764 -0.5493 -0.0916 -0.3662 -48.6575 44.4264 -73.6294 28.3861 167.3352
5727 0.5889 0.7729 -0.2773 -0.4578 -0.0610 -0.4883 -47.9524 42.6635 -73.9703 28.3921 167.1080
5761 0.5898 0.7734 -0.2744 -0.5798 0.0610 -0.4578 -47.9524 42.6635 -73.9703 28.3921 167.1635
5792 0.5864 0.7734 -0.2832 -0.5188 -0.2136 -0.4578 -47.9524 42.6635 -73.9703 28.3861 167.0498
5825 0.5859 0.7739 -0.2808 -0.5493 0.0000 -0.4272 -47.9524 42.6635 -73.9703 28.3831 167.0921
5861 0.5908 0.7725 -0.2769 -0.5493 -0.1221 -0.4272 -48.6575 42.6635 -73.6294 28.4041 167.1080
5894 0.5864 0.7725 -0.2764 -0.4883 0.0305 -0.4578 -48.6575 42.6635 -73.6294 28.3921 167.0604
5926 0.5874 0.7739 -0.2778 -0.5493 -0.0916 -0.4883 -48.6575 42.6635 -73.6294 28.3891 167.1476
5959 0.5879 0.7739 -0.2773 -0.4578 -0.0305 -0.4883 -47.2472 44.0739 -74.9929 28.4041 167.1952
5992 0.5869 0.7744 -0.2778 -0.5188 -0.0610 -0.5188 -47.2472 44.0739 -74.9929 28.3951 167.1053
6025 0.5879 0.7734 -0.2769 -0.4883 0.0000 -0.4272 -47.2472 44.0739 -74.9929 28.3861 167.1635
6061 0.5874 0.7725 -0.2813 -0.4578 -0.2136 -0.5188 -47.2472 44.0739 -74.9929 28.3921 167.0921
6092 0.5884 0.7734 -0.2734 -0.4272 0.0000 -0.4883 -48.1286 43.8976 -72.4363 28.4041 167.0340
6126 0.5859 0.7749 -0.2788 -0.4883 -0.1831 -0.4578 -48.1286 43.8976 -72.4363 28.4011 167.1344
6158 0.5854 0.7729 -0.2827 -0.5493 -0.0610 -0.4883 -48.1286 43.8976 -72.4363 28.3891 167.1212
6191 0.5864 0.7734 -0.2769 -0.4883 0.0000 -0.4578 -48.1286 43.8976 -72.4363 28.3891 167.2771
6226 0.5879 0.7734 -0.2759 -0.5188 -0.1221 -0.4883 -48.3049 44.4264 -72.9476 28.4041 167.1661
6260 0.5879 0.7725 -0.2793 -0.4578 -0.0610 -0.3967 -48.3049 44.4264 -72.9476 28.3861 167.1661
6292 0.5884 0.7715 -0.2793 -0.5493 -0.0305 -0.3662 -48.3049 44.4264 -72.9476 28.4101 167.2480
6325 0.5850 0.7749 -0.2783 -0.4578 -0.1526 -0.4883 -48.3049 44.4264 -72.9476 28.3831 167.1370
6356 0.5879 0.7759 -0.2798 -0.5798 -0.1221 -0.5493 -48.4812 43.5450 -73.4590 28.4011 167.1476
6393 0.5879 0.7725 -0.2788 -0.6104 0.2747 -0.4272 -48.4812 43.5450 -73.4590 28.3861 167.2189
6426 0.5894 0.7725 -0.2759 -0.4272 -0.0610 -0.4272 -48.4812 43.5450 -73.4590 28.3921 167.2374
6458 0.5894 0.7749 -0.2734 -0.5188 -0.1221 -0.5188 -48.8338 44.2501 -73.1181 28.3771 167.2480
6492 0.5869 0.7734 -0.2778 0.1526 -0.0305 -0.3967 -48.8338 44.2501 -73.1181 28.3951 167.1370
6523 0.5835 0.7783 -0.2778 5.8289 -5.0659 9.3384 -48.8338 44.2501 -73.1181 28.4131 167.2057
6556 0.5928 0.7681 -0.2856 1.8921 -1.9226 1.3428 -48.8338 44.2501 -73.1181 28.3921 167.0181
6592 0.5928 0.7656 -0.2720 -0.4883 0.9155 0.0916 -49.0101 43.0161 -73.6294 28.3891 166.9917
6625 0.5918 0.7686 -0.2808 -0.4883 0.8240 -0.1831 -49.0101 43.0161 -73.6294 28.3921 167.1476
6658 0.5913 0.7671 -0.2852 -0.4578 -0.1831 -0.3967 -49.0101 43.0161 -73.6294 28.3891 166.9759
6689 0.5923 0.7700 -0.2842 -0.5188 -0.2136 -0.4272 -49.0101 43.0161 -73.6294 28.3951 166.9309
6722 0.5903 0.7681 -0.2788 -0.4883 0.0000 -0.3967 -47.0709 42.4872 -73.7998 28.3741 167.1053
6759 0.5908 0.7681 -0.2827 -0.5188 0.0610 -0.4272 -47.0709 42.4872 -73.7998 28.4071 167.2771
6791 0.5913 0.7671 -0.2817 -0.4883 0.0305 -0.4272 -47.0709 42.4872 -73.7998 28.3831 167.2771
6823 0.5923 0.7690 -0.2861 -0.4578 -0.1221 -0.5188 -47.0709 42.4872 -73.7998 28.3891 167.3669
6855 0.5903 0.7681 -0.2798 -0.3662 -0.1526 -0.3967 -47.9524 41.9583 -72.6068 28.3741 166.9917
6889 0.5913 0.7681 -0.2871 -0.3967 -0.0916 -0.4578 -47.9524 41.9583 -72.6068 28.3981 167.2084
6925 0.5942 0.7671 -0.2803 -0.3967 0.1221 -0.3052 -47.9524 41.9583 -72.6068 28.3861 167.2797
6957 0.5889 0.7686 -0.2827 -0.5798 -0.3662 -0.5493 -47.9524 41.9583 -72.6068 28.3681 167.1793
6989 0.5957 0.7681 -0.2798 -0.4272 0.3662 -0.3052 -47.9524 43.7213 -73.6294 28.4011 167.1212
7022 0.5908 0.7681 -0.2822 -0.5188 -0.5493 -0.5798 -47.9524 43.7213 -73.6294 28.4041 167.2374
7055 0.5933 0.7695 -0.2813 -0.4578 0.3967 -0.3357 -47.9524 43.7213 -73.6294 28.3981 167.2242
7108 0.5898 0.7681 -0.2847 -0.5798 -0.1221 -0.4883 -48.8338 43.5450 -73.4590 28.3771 167.1793
7146 0.5903 0.7686 -0.2759 0.5188 -3.1433 0.1526 -48.8338 43.5450 -73.4590 28.3801 167.0763
7178 0.5894 0.7700 -0.3062 2.5635 -3.1128 -0.0916 -48.8338 43.5450 -73.4590 28.3981 167.0921
7211 0.5923 0.7676 -0.2778 -1.3123 -0.1831 0.1526 -48.8338 43.5450 -73.4590 28.3711 167.1793
7242 0.5933 0.7695 -0.2979 0.6409 -4.6082 6.3171 -49.5390 42.1346 -73.4590 28.3981 167.2533
7276 0.5957 0.7637 -0.2935 0.5798 -3.0518 8.5754 -49.5390 42.1346 -73.4590 28.4011 167.3696
7312 0.1113 1.1519 -0.3267 -0.0916 -6.7444 -149.6582 -49.5390 42.1346 -73.4590 28.3771 167.0630
7344 0.0635 1.0088 -0.2393 1.5564 -104.3701 45.2271 -49.0101 46.1894 -72.9476 28.3981 167.2956
7377 1.0757 0.6299 -0.4390 -14.5264 -34.5154 16.1133 -49.0101 46.1894 -72.9476 28.4041 166.9917
7410 1.0293 0.8213 -0.6162 -5.1880 -10.2844 121.7346 -49.0101 46.1894 -72.9476 28.4041 167.0498
7442 0.7021 0.6963 -0.4912 -28.1677 17.5476 -39.1541 -49.0101 46.1894 -72.9476 28.3861 167.0921
7479 0.7583 0.6265 -0.6162 2.4109 -36.5295 83.0994 -48.4812 42.1346 -74.4816 28.3981 167.0921
7512 0.7422 0.4927 -0.4810 13.6108 -13.0005 -11.0779 -48.4812 42.1346 -74.4816 28.3921 167.1793
7544 0.7573 0.8145 -0.1567 55.1758 -15.5334 7.0190 -48.4812 42.1346 -74.4816 28.4011 167.1212
7577 0.3169 0.4321 -0.5381 61.0657 -22.2473 9.3994 -48.4812 42.1346 -74.4816 28.4161 166.9626
7609 0.5415 1.0562 -0.3911 50.3845 -33.0505 22.5525 -46.8946 40.1954 -77.3790 28.4131 166.7724
7643 1.0308 0.6582 -0.5762 -23.2849 -5.0354 -15.2283 -46.8946 40.1954 -77.3790 28.4011 166.8305
7680 0.6885 0.3975 -0.4844 -3.2349 109.7107 -45.4407 -46.8946 40.1954 -77.3790 28.4041 166.8755
7711 0.4956 0.5596 -0.3774 41.0156 116.4246 -5.3101 -46.8946 40.1954 -77.3790 28.4071 166.8755
7744 0.3149 0.6704 -0.2627 70.8008 52.5513 26.2146 -45.3079 41.0768 -77.2086 28.3951 167.2057
7778 0.3232 0.7935 -0.3374 66.7114 -11.2000 36.0718 -45.3079 41.0768 -77.2086 28.4101 166.8464
7810 0.6650 0.9482 -0.3433 49.7131 -75.3784 45.2271 -45.3079 41.0768 -77.2086 28.3861 167.0763
7845 0.8516 0.6001 -0.3486 19.8975 -49.9573 20.4163 -42.6635 36.6694 -82.4922 28.3981 167.1952
7879 0.8735 0.0435 -0.5459 36.1938 21.6675 -9.1553 -42.6635 36.6694 -82.4922 28.4071 167.0763
7912 0.6851 0.5596 -0.5796 140.2283 9.9487 64.9719 -42.6635 36.6694 -82.4922 28.3981 167.2084
7945 0.7075 0.5889 -0.5044 60.9436 10.0098 -0.8240 -42.6635 36.6694 -82.4922 28.3921 167.2374
7976 0.6689 0.6626 -0.5103 53.5278 15.7776 32.9590 -37.3746 34.5539 -89.9915 28.4071 167.1820
8013 0.6973 0.4546 -0.5313 13.5803 22.3999 -12.9395 -37.3746 34.5539 -89.9915 28.4071 167.4568
8046 0.7285 0.4326 -0.4517 22.2473 7.6294 -25.2075 -37.3746 34.5539 -89.9915 28.3921 167.3986
8079 0.7432 0.5015 -0.4258 21.5454 17.4561 -14.7095 -37.3746 34.5539 -89.9915 28.3801 167.3696
8111 0.6602 0.5259 -0.4512 27.7100 16.9067 -3.3569 -35.7880 32.6147 -89.1393 28.3981 167.4118
8144 0.7241 0.5278 -0.5146 12.0239 -2.4719 -2.4109 -35.7880 32.6147 -89.1393 28.4011 167.4277
8177 0.8042 0.5376 -0.5439 14.0686 -17.9138 -1.5869 -35.7880 32.6147 -89.1393 28.4011 167.2533
8213 0.8154 0.4741 -0.5313 -2.7771 9.7961 -13.8245 -35.7880 32.6147 -89.1393 28.4131 167.3246
8245 0.7642 0.4355 -0.5850 4.3640 30.6396 -8.6670 -34.7302 33.6724 -90.1619 28.3951 167.2824
8279 0.7212 0.5342 -0.4619 8.6975 25.2380 1.6479 -34.7302 33.6724 -90.1619 28.3981 167.2824
8310 0.7056 0.5664 -0.4736 -11.0779 15.3198 -15.8081 -34.7302 33.6724 -90.1619 28.4041 167.3061
8343 0.6826 0.3784 -0.4844 -9.2468 9.7961 -4.7607 -34.7302 33.6724 -90.1619 28.4041 166.9917
8379 0.7681 0.4658 -0.4146 6.6528 -11.9019 18.9819 -33.8487 32.7909 -90.3324 28.4191 167.1080
8413 0.7905 0.2480 -0.4614 0.4578 7.9041 4.7913 -33.8487 32.7909 -90.3324 28.4191 167.1370
8444 0.6914 0.3120 -0.5293 36.8652 -19.6838 28.6255 -33.8487 32.7909 -90.3324 28.3921 167.1503
8477 0.7114 0.4941 -0.5400 37.5671 -6.8970 31.6162 -34.0250 31.2043 -89.8211 28.4101 167.0366
8510 0.8867 0.6138 -0.4937 7.2327 -17.3645 -7.5989 -34.0250 31.2043 -89.8211 28.3891 167.1661
8555 0.9116 0.3745 -0.5596 1.6479 14.0686 -20.6604 -34.0250 31.2043 -89.8211 28.3771 167.1370
8588 0.7432 0.4272 -0.5625 3.6621 48.6755 -25.4822 -34.0250 31.2043 -89.8211 28.3891 167.0789
8621 0.7080 0.3965 -0.5625 5.6763 48.0957 -36.6821 -32.7909 31.7332 -88.6280 28.3801 167.1106
8653 0.7744 0.9507 -0.3867 42.9993 23.5291 82.3975 -32.7909 31.7332 -88.6280 28.4101 167.1370
8686 0.7261 0.8862 -0.3750 -77.3010 13.7329 -5.0354 -32.7909 31.7332 -88.6280 28.4041 167.1952
8719 0.7310 0.3071 -0.4556 -131.8359 -9.9792 -69.5496 -32.7909 31.7332 -88.6280 28.4101 166.9917
8765 0.7114 -0.0889 -0.4517 20.4773 -36.1938 -83.5876 -34.0250 30.1465 -84.3670 28.4280 167.3696
8800 0.7520 0.9248 -0.4648 99.0601 -34.7595 18.4021 -34.0250 30.1465 -84.3670 28.3921 167.1952
8832 0.6958 1.3530 -0.6177 -16.1133 1.4648 -81.5430 -34.0250 30.1465 -84.3670 28.4041 167.1370
8864 0.6597 1.4351 -0.5410 -196.9299 38.6353 -177.3376 -36.4931 35.4354 -86.7532 28.4071 167.2110
8898 0.5942 0.7842 -0.4272 -301.4526 -18.6768 -239.4409 -36.4931 35.4354 -86.7532 28.4041 167.2533
8935 0.9063 0.1636 -0.5581 -173.1567 -76.7517 -117.4622 -36.4931 35.4354 -86.7532 28.4250 166.9362
8968 1.1162 0.3218 -0.5352 -15.9607 -13.7024 31.5552 -36.4931 35.4354 -86.7532 28.3981 167.3986
8999 1.2422 0.6294 -0.2178 84.1064 31.5857 50.2319 -48.6575 46.5420 -70.9024 28.4041 167.0789
9033 0.6865 1.0547 -0.3369 60.3638 197.0825 42.5415 -48.6575 46.5420 -70.9024 28.3861 167.0393
9078 0.2407 0.8770 -0.3252 -23.5596 182.9224 -43.2434 -48.6575 46.5420 -70.9024 28.3831 167.0789
9124 0.0718 1.2085 -0.1387 15.1367 44.8608 -66.5894 -45.1316 43.7213 -69.5389 28.4071 167.4118
9158 0.4946 1.0981 -0.1255 -51.6052 -30.8228 -38.0859 -45.1316 43.7213 -69.5389 28.3981 167.2824
9191 0.8076 0.6948 -0.1284 -86.0291 -15.9607 -43.3960 -45.1316 43.7213 -69.5389 28.3951 167.4858
9223 0.8809 0.4111 -0.2178 -26.6418 39.8560 -3.3264 -45.1316 43.7213 -69.5389 28.4041 167.2374
9255 0.7686 0.6265 -0.1660 32.2266 82.4585 19.8059 -45.4842 46.5420 -68.5162 28.3951 167.1687
9292 0.5400 1.0313 -0.1021 47.6074 107.1777 35.3088 -45.4842 46.5420 -68.5162 28.4221 166.9521
9325 0.4946 1.1621 0.0610 -21.5454 88.7451 -7.4463 -45.4842 46.5420 -68.5162 28.3921 167.2956
9358 0.5005 0.8716 0.0908 -51.6052 54.6265 0.9766 -48.1286 45.6605 -68.0049 28.3921 167.1793
9391 0.5161 0.7617 0.1577 -49.7131 42.4194 1.3428 -48.1286 45.6605 -68.0049 28.4011 167.3696
9423 0.4585 0.7686 0.1436 -28.1067 24.4446 42.5720 -48.1286 45.6605 -68.0049 28.4011 167.2110
9455 0.5537 1.0371 0.1338 -39.2151 -11.4136 41.2598 -48.1286 45.6605 -68.0049 28.4041 167.2110
9492 0.5991 0.7476 0.1167 -73.5168 -4.1504 -8.3618 -46.7183 44.2501 -61.1874 28.3951 167.2110
9525 0.6382 0.6689 0.2417 -45.1355 -21.6064 0.1831 -46.7183 44.2501 -61.1874 28.4041 167.1952
9558 0.7446 0.6655 0.1758 -32.3486 -24.6582 13.8855 -46.7183 44.2501 -61.1874 28.4041 167.4700
9590 0.7739 0.7534 0.2520 -7.8430 3.5706 38.3301 -46.7183 44.2501 -61.1874 28.4101 167.2401
9622 0.6416 0.9746 0.1680 -25.3906 38.8184 17.2119 -46.0131 43.1924 -58.8013 28.3951 167.2401
9659 0.5239 0.9082 0.2275 -47.1497 3.7842 35.8582 -46.0131 43.1924 -58.8013 28.3711 167.3405
9692 0.6841 0.7319 0.2236 -55.5420 -23.6511 52.6428 -46.0131 43.1924 -58.8013 28.4041 167.3431
9723 0.8057 0.5083 0.1572 -44.7388 11.8713 28.2288 -46.0131 43.1924 -58.8013 28.3861 167.1370
9756 0.8169 0.6431 0.1934 -27.8015 45.6238 37.6587 -43.7213 40.9005 -53.1768 28.4400 167.2665
9789 0.7646 1.1260 0.2856 -51.8494 97.4121 73.0896 -43.7213 40.9005 -53.1768 28.4101 167.1397
9826 0.5483 0.6445 0.5688 -147.7051 98.2361 20.9351 -43.7213 40.9005 -53.1768 28.4221 167.3696
9858 0.5703 -0.2695 0.2983 -112.9456 13.6108 -5.5542 -40.3717 40.3717 -43.8027 28.3981 167.5730
9891 1.0596 0.6333 0.1523 55.4810 45.3186 172.6990 -40.3717 40.3717 -43.8027 28.3891 167.3246
9924 1.1772 0.7837 0.4888 -54.5959 142.4255 51.1780 -40.3717 40.3717 -43.8027 28.3981 167.2824
9956 0.6909 -0.0928 0.3037 -38.5742 222.8088 36.3464 -40.3717 40.3717 -43.8027 28.4071 167.2982
9989 0.1641 0.7080 0.5767 -20.8130 228.6987 -0.2441 -37.1983 42.8398 -36.3034 28.3771 167.5572
10027 -0.0400 0.5728 0.8481 -88.5010 90.6982 -8.4229 -37.1983 42.8398 -36.3034 28.4131 167.3696
10058 0.1846 0.0640 0.7954 -77.4231 17.7307 13.3057 -37.1983 42.8398 -36.3034 28.3921 167.5862
10091 0.4253 0.3271 0.7881 -40.8630 -21.9727 -2.1667 -37.1983 42.8398 -36.3034 28.3981 167.6602
10124 0.6289 0.4658 0.7861 -55.9998 -20.8740 5.1880 -31.2043 46.0131 -29.4858 28.3861 167.4858
10158 0.7007 0.3232 0.7314 -59.0515 0.3052 25.4822 -31.2043 46.0131 -29.4858 28.4011 167.4858
10193 0.7813 0.3232 0.6855 -77.5452 62.4390 28.9917 -31.2043 46.0131 -29.4858 28.3981 167.5281
10225 0.4800 0.2578 0.7847 -75.1343 111.9080 34.7900 -31.2043 46.0131 -29.4858 28.3891 167.5281
10258 0.1011 0.2144 0.7617 -88.4705 82.2754 28.9307 -24.5051 49.1864 -24.7136 28.3861 167.6311
10292 0.0781 0.3506 0.9502 -102.8137 33.4473 36.8042 -24.5051 49.1864 -24.7136 28.4011 167.3696
10324 0.0996 -0.1152 0.7954 -118.9880 -16.2048 38.6658 -24.5051 49.1864 -24.7136 28.3801 167.4409
10360 0.5508 -0.3862 0.7983 -109.0698 -70.3735 -19.2261 -13.7510 48.6575 -20.1117 28.3861 167.4118
10395 0.7910 -0.1929 0.8198 -42.5110 6.1646 14.8621 -13.7510 48.6575 -20.1117 28.3831 167.2956
10427 0.5195 -0.1714 0.8149 -49.0723 83.5571 34.5764 -13.7510 48.6575 -20.1117 28.4041 167.2533
10460 0.3267 -0.1987 0.8286 -47.3022 80.6580 28.0151 -13.7510 48.6575 -20.1117 28.3741 167.4568
10492 0.4238 -0.3027 0.9058 -50.2319 44.1895 10.8032 -7.4044 53.5938 -17.3847 28.3951 167.4568
10529 0.3447 -0.2085 0.2690 -42.7856 83.4045 9.6436 -7.4044 53.5938 -17.3847 28.3741 167.2374
10562 0.2671 -0.7144 0.8369 -60.5164 111.6028 17.9749 -7.4044 53.5938 -17.3847 28.3861 167.4118
10595 0.1187 -0.3271 0.8618 11.5051 77.4536 15.8081 -7.4044 53.5938 -17.3847 28.3681 167.2665
10627 -0.1211 -0.2065 0.9521 -19.1650 74.9817 40.4663 -5.8177 60.1167 -16.8734 28.3921 167.6311
10660 -0.0923 -0.5610 0.9961 -12.6953 -9.0027 19.5923 -5.8177 60.1167 -16.8734 28.3981 167.5281
10693 0.0430 -0.5601 0.9282 12.3901 -37.5366 5.4321 -5.8177 60.1167 -16.8734 28.4041 167.2084
10729 0.1812 0.1538 1.0220 32.9285 -41.5649 24.6582 -5.8177 60.1167 -16.8734 28.3891 167.3537
10762 0.3340 -0.0396 0.9229 -27.0691 -50.9949 30.5176 -5.4652 59.4116 -17.5552 28.3771 167.5281
10796 0.5220 -0.3882 0.9653 -63.8123 -13.6108 10.2234 -5.4652 59.4116 -17.5552 28.3921 167.5994
10827 0.8096 -0.8716 0.6968 -40.2222 118.8660 13.8245 -5.4652 59.4116 -17.5552 28.3951 167.3960
10860 -0.1626 -0.1284 0.8701 48.4314 200.3174 46.3257 -5.4652 59.4116 -17.5552 28.3801 167.5677
10897 -0.5938 0.1074 1.1519 7.1716 66.1011 12.9089 -3.5259 63.8189 -18.4073 28.3831 167.4568
10930 -0.3691 -0.1162 0.5825 -46.8140 -60.3027 -13.5193 -3.5259 63.8189 -18.4073 28.3801 167.3088
10962 -0.0068 -0.6782 0.7749 -52.7954 -122.6501 -18.5547 -3.5259 63.8189 -18.4073 28.3801 167.2242
10995 0.3267 -0.4985 0.8105 -10.8948 -104.4006 -37.5977 -1.9392 58.7064 -16.5325 28.3861 167.1952
11041 0.3003 -0.5024 0.8628 13.9160 -29.2969 10.8643 -1.9392 58.7064 -16.5325 28.3831 167.3246
11086 0.1738 -0.3237 1.0073 26.3977 -40.4663 -10.2844 -1.9392 58.7064 -16.5325 28.3831 167.2242
11119 0.2915 -0.2583 0.8794 12.9395 -38.1470 5.4626 -1.9392 54.8279 -16.1917 28.3681 167.3696
11153 0.3921 -0.3262 0.8682 7.3853 -13.5803 3.0823 -1.9392 54.8279 -16.1917 28.3592 167.4858
11185 0.3418 -0.4482 0.8540 18.8904 10.6506 6.9275 -1.9392 54.8279 -16.1917 28.3981 167.3405
11217 0.2412 -0.2021 0.9263 37.2925 17.1204 2.3804 -1.9392 54.8279 -16.1917 28.3831 167.2956
11253 0.1455 -0.1519 0.9883 14.2517 9.8572 1.1902 -4.7600 56.2382 -18.5778 28.3741 167.3088
11287 0.1646 -0.2505 0.9453 3.9978 -20.4468 -8.1787 -4.7600 56.2382 -18.5778 28.3891 167.3088
11319 0.2739 -0.2056 0.9248 -0.0916 -35.0647 -12.3901 -4.7600 56.2382 -18.5778 28.3891 167.4964
11352 0.3975 -0.1064 0.8999 -4.8828 -31.1584 -8.3618 -4.7600 56.2382 -18.5778 28.3621 167.3378
11384 0.4097 -0.2192 0.8740 -18.6768 -2.1057 -5.4321 -4.7600 52.0071 -17.5552 28.3861 167.2084
11418 0.3076 -0.2856 0.8994 -22.0642 20.8130 0.0610 -4.7600 52.0071 -17.5552 28.3801 167.2665
11454 0.1987 -0.2612 0.9429 -25.7874 8.4534 -1.4954 -4.7600 52.0071 -17.5552 28.3801 167.2797
11486 0.2124 -0.3594 0.9160 -26.5198 -13.5498 -9.3689 -4.7600 52.0071 -17.5552 28.3711 167.3801
11518 0.2896 -0.3340 0.8906 -13.9160 -21.2708 -4.0588 -1.7630 54.2990 -17.7256 28.3801 167.3933
11552 0.2759 -0.3281 0.8882 -10.8948 -15.2588 2.2583 -1.7630 54.2990 -17.7256 28.3981 167.5572
11585 0.2593 -0.3145 0.8984 -18.2495 -20.1416 1.7395 -1.7630 54.2990 -17.7256 28.3472 167.3378
11621 0.3228 -0.3813 0.8594 -14.1907 -39.3372 -3.6011 -1.5867 52.3597 -16.8734 28.3801 167.0921
11655 0.3789 -0.2861 0.8525 -20.9351 -29.5410 -7.2327 -1.5867 52.3597 -16.8734 28.3801 167.1503
11687 0.3926 -0.5083 0.8364 -23.3154 -27.5269 -1.8921 -1.5867 52.3597 -16.8734 28.3921 167.1952
11720 0.4512 -0.4141 0.8179 3.8147 -29.3884 0.5188 -1.5867 52.3597 -16.8734 28.3651 167.2480
11752 0.4805 -0.2651 0.8164 -5.7678 -12.0239 -1.8921 1.0578 47.5998 -17.7256 28.3771 167.1952
11789 0.4512 -0.3535 0.8174 -13.9160 8.6365 1.4954 1.0578 47.5998 -17.7256 28.3951 167.1952
11822 0.3735 -0.4106 0.8408 -10.4370 17.7612 8.1482 1.0578 47.5998 -17.7256 28.3921 167.4805
11853 0.3130 -0.4521 0.8594 -6.8970 12.3596 6.8970 1.0578 47.5998 -17.7256 28.3771 167.4805
11886 0.3276 -0.4438 0.8442 5.1575 -7.4768 2.3499 1.7630 49.3627 -18.4073 28.3681 167.4805
11919 0.3945 -0.3198 0.8286 5.7373 -12.8479 1.2512 1.7630 49.3627 -18.4073 28.3921 167.2824
11952 0.4282 -0.4146 0.8198 -4.0588 -0.0610 0.0305 1.7630 49.3627 -18.4073 28.3831 167.3960
11986 0.4048 -0.4287 0.8188 6.6528 11.5662 5.3711 1.7630 49.3627 -18.4073 28.3891 167.1952
12019 0.3662 -0.3374 0.8442 4.0588 15.8386 5.1880 0.8815 47.7761 -17.8960 28.3921 167.3537
12052 0.3262 -0.3643 0.8555 0.3357 14.4653 3.7842 0.8815 47.7761 -17.8960 28.3981 167.2824
12085 0.3115 -0.4263 0.8569 -0.4578 4.6692 -0.1221 0.8815 47.7761 -17.8960 28.3711 167.0498
12116 0.3315 -0.3330 0.8584 6.6528 -4.5471 1.4954 0.8815 47.7761 -17.8960 28.3891 167.2665
12152 0.3589 -0.3711 0.8486 -4.3030 -4.6692 -1.0986 1.0578 50.0679 -19.0891 28.4071 167.1080
12185 0.3838 -0.3901 0.8423 1.2207 -6.1646 -0.5798 1.0578 50.0679 -19.0891 28.3711 167.2533
12218 0.4004 -0.3726 0.8369 1.3733 0.0305 0.4578 1.0578 50.0679 -19.0891 28.3891 167.2956
12250 0.3823 -0.3618 0.8379 1.2207 6.9885 2.0142 0.5289 50.5968 -17.2143 28.3771 167.4700
12283 0.3530 -0.3574 0.8511 -1.4648 10.8032 2.5940 0.5289 50.5968 -17.2143 28.4041 167.5730
12315 0.3262 -0.4048 0.8564 -3.5095 9.2773 1.4648 0.5289 50.5968 -17.2143 28.4101 167.4858
12351 0.3052 -0.3838 0.8589 1.8005 4.5471 1.4343 0.5289 50.5968 -17.2143 28.3801 167.3986
12383 0.3022 -0.3862 0.8589 -2.4109 -2.2278 -1.4343 1.7630 50.4205 -17.0438 28.3951 167.3986
12417 0.3384 -0.3892 0.8501 0.6409 -10.4980 -1.6785 1.7630 50.4205 -17.0438 28.3981 167.4700
12448 0.3721 -0.3535 0.8457 1.4038 -10.6812 -0.2441 1.7630 50.4205 -17.0438 28.3741 167.4568
12481 0.3857 -0.4224 0.8296 1.8921 -2.5635 -1.1902 1.7630 50.4205 -17.0438 28.3891 167.6311
12517 0.3794 -0.3447 0.8418 2.8076 4.1504 0.5188 1.2341 49.8916 -16.8734 28.4071 167.2242
12550 0.3560 -0.3447 0.8550 -0.5493 8.5144 2.1057 1.2341 49.8916 -16.8734 28.3981 167.3696
12581 0.3306 -0.3594 0.8569 -0.9460 5.5542 2.7161 1.2341 49.8916 -16.8734 28.4101 167.3405
12614 0.3213 -0.3926 0.8560 -1.7090 2.6550 1.8616 1.2341 49.8916 -16.8734 28.3771 167.3088
12646 0.3442 -0.4419 0.8564 -1.0376 3.8757 -1.5564 1.5867 50.9494 -18.2369 28.4161 167.2956
12679 0.3735 -0.3843 0.8486 -1.5869 6.7139 -14.7705 1.5867 50.9494 -18.2369 28.4161 167.4568
12716 0.4414 -0.5024 0.8091 3.5706 1.3733 -57.4951 1.5867 50.9494 -18.2369 28.3951 167.4990
12747 0.5244 -0.2212 0.8076 6.9885 24.5972 -35.4004 1.5867 50.9494 -18.2369 28.3921 167.3088
12779 0.2515 -0.7358 0.9629 -19.6838 106.2317 -34.7595 -0.1763 50.5968 -16.8734 28.4131 167.4858
12813 0.1387 -0.3901 0.9868 24.2310 23.4680 -62.8052 -0.1763 50.5968 -16.8734 28.4161 167.5149
12846 0.3120 -0.4082 0.8994 41.9617 -17.0898 -37.5671 -0.1763 50.5968 -16.8734 28.3801 167.5149
12881 0.5439 -0.5093 0.8188 60.2417 17.2424 -25.9705 -3.5259 55.3568 -17.3847 28.3921 167.4118
12915 0.4448 -0.2217 0.8433 86.9446 90.0879 -17.2119 -3.5259 55.3568 -17.3847 28.4011 167.4118
12948 0.1294 -0.0547 0.9243 70.7397 118.3777 -22.1863 -3.5259 55.3568 -17.3847 28.3801 167.6021
12992 0.0659 0.1455 1.0288 53.4668 69.4580 -31.7993 -3.5259 55.3568 -17.3847 28.3771 167.3696
13039 -0.0854 0.1040 1.0366 16.7847 28.5339 -14.7095 -11.2829 62.7612 -18.4073 28.3951 167.3986
13076 -0.0391 -0.0444 0.9980 4.4250 -19.8669 -15.7776 -11.2829 62.7612 -18.4073 28.3831 167.4118
13109 0.0439 -0.1685 0.9907 -3.8147 -42.2058 -7.7820 -11.2829 62.7612 -18.4073 28.4071 167.3246
13142 0.2817 -0.0742 0.9536 8.8501 -62.9272 -9.2773 -11.4592 64.3478 -17.8960 28.3921 167.3986
13174 0.4609 -0.0967 0.9043 4.6387 -20.4773 -3.9368 -11.4592 64.3478 -17.8960 28.3951 167.1370
13207 0.3247 -0.0649 0.9355 1.6174 48.8892 12.1155 -11.4592 64.3478 -17.8960 28.3861 167.2374
13243 0.0171 -0.1211 1.0073 8.1482 53.5278 14.3433 -11.4592 64.3478 -17.8960 28.3801 167.3537
13276 -0.0273 -0.0737 1.0278 3.8147 7.2937 0.9155 -13.3985 64.8767 -19.7709 28.3951 167.2110
13308 0.0928 -0.0640 0.9941 9.3079 -29.3274 -4.6692 -13.3985 64.8767 -19.7709 28.3621 167.4277
13341 0.2065 -0.0332 0.9502 7.1106 -29.0527 -2.0447 -13.3985 64.8767 -19.7709 28.3771 167.2956
13374 0.2715 -0.0630 0.9468 0.3967 -6.5918 -0.5493 -13.3985 64.8767 -19.7709 28.3891 167.4673
13407 0.2324 -0.0156 0.9604 0.7935 9.6741 1.6785 -12.6933 63.8189 -19.4300 28.4011 167.2824
13444 0.1221 -0.0703 0.9917 -7.2632 21.7896 5.8289 -12.6933 63.8189 -19.4300 28.3831 167.2533
13475 0.0679 -0.1118 1.0073 -2.3499 4.1809 3.7537 -12.6933 63.8189 -19.4300 28.3711 167.2110
13508 0.1289 -0.0654 0.9946 -0.8545 -13.0615 0.2747 -13.7510 63.8189 -19.7709 28.4041 167.1661
13541 0.1587 -0.0859 0.9712 -0.9766 -11.9934 3.1128 -13.7510 63.8189 -19.7709 28.3801 167.1952
13574 0.1367 -0.0923 0.9824 0.6714 -10.1013 5.1880 -13.7510 63.8189 -19.7709 28.3891 167.1661
13609 0.1509 -0.0586 0.9868 -0.5188 -15.9912 4.4556 -13.7510 63.8189 -19.7709 28.3801 167.1370
13642 0.1841 -0.0898 0.9746 1.6479 -22.9492 1.9226 -12.6933 61.3508 -19.0891 28.3861 167.2824
13676 0.2559 -0.0581 0.9600 -0.6104 -18.4021 0.5493 -12.6933 61.3508 -19.0891 28.3951 167.0789
13708 0.2651 -0.0879 0.9575 -1.2817 -1.0071 1.6479 -12.6933 61.3508 -19.0891 28.3951 167.3537
13741 0.1948 -0.0498 0.9775 -0.5798 7.8430 6.2256 -12.6933 61.3508 -19.0891 28.3741 167.1793
13776 0.1279 -0.0830 1.0176 -2.5024 -0.5493 9.8572 -13.3985 61.7034 -19.4300 28.3951 167.2956
13810 0.0039 0.0303 1.0469 -2.1973 -14.2517 35.3394 -13.3985 61.7034 -19.4300 28.3951 167.3246
13842 -0.4087 0.2788 1.1792 -84.0149 -65.8264 -31.2805 -13.3985 61.7034 -19.4300 28.3891 167.5281
13875 0.1177 -0.5645 0.7720 -59.7534 -221.5271 -53.1616 -13.3985 61.7034 -19.4300 28.3981 167.3986
13908 0.5630 0.0288 0.5640 -24.0173 -212.8906 -95.4895 -8.6385 52.0071 -17.8960 28.4011 167.9191
13941 1.1870 0.1235 0.6006 -93.3228 -158.2336 -114.3799 -8.6385 52.0071 -17.8960 28.3921 167.9191
13978 1.5771 -0.3379 0.5200 -88.4399 11.5051 -51.6357 -8.6385 52.0071 -17.8960 28.3951 167.4700
14011 1.3477 -0.8677 0.4648 -26.7639 238.0066 -34.5764 -8.6385 52.0071 -17.8960 28.3771 167.3986
14044 0.1147 0.1147 0.6479 28.1372 400.3601 4.9133 -5.9940 47.5998 -19.0891 28.3891 167.3696
14076 -1.0698 -0.0708 0.6958 19.4702 282.2571 79.8340 -5.9940 47.5998 -19.0891 28.3861 167.0948
14109 -1.1343 -0.2236 1.3423 -1.3428 -65.9485 -17.1204 -5.9940 47.5998 -19.0891 28.4011 167.2084
14146 0.3281 -0.0059 0.8940 1.6785 -281.4331 -137.5122 -8.1096 63.1138 -17.7256 28.3921 167.2242
14179 1.2876 -0.1704 0.7114 -25.7568 -71.2280 -100.0977 -8.1096 63.1138 -17.7256 28.4041 167.2665
14212 0.6304 -0.1431 0.8516 17.4561 150.8179 57.1899 -8.1096 63.1138 -17.7256 28.3951 167.4118
14244 -0.2432 -0.2788 1.1104 31.1584 147.8271 40.1611 -8.1096 63.1138 -17.7256 28.3981 167.4990
14277 -0.4307 -0.2612 0.9902 47.5159 -36.5906 -42.9382 -7.7570 65.2293 -17.7256 28.3831 167.3246
14324 0.8047 0.0933 0.8501 29.1138 -91.7664 -69.8853 -7.7570 65.2293 -17.7256 28.3831 167.1370
14357 0.5386 0.0112 0.9341 30.1208 74.4629 15.3198 -7.7570 65.2293 -17.7256 28.3741 167.2956
14389 0.2256 0.2979 1.1597 -1.3733 56.3965 54.4434 -10.5777 63.8189 -18.7482 28.3861 167.5281
14423 0.2622 -0.2676 1.1128 -19.9890 50.0793 -25.1160 -10.5777 63.8189 -18.7482 28.4011 167.4409
14455 0.2661 -0.2637 0.9019 -21.2708 56.3049 -147.2778 -10.5777 63.8189 -18.7482 28.3891 167.4409
14492 0.1577 -0.4468 1.0981 -103.3020 69.1833 -202.7283 -10.5777 63.8189 -18.7482 28.3801 167.3696
14525 0.1104 -0.0728 0.9189 -3.2654 29.2664 -26.1536 -4.9363 73.3389 -21.1344 28.3861 167.6153
14558 0.0498 -0.2275 0.9971 0.9460 98.7244 -7.1411 -4.9363 73.3389 -21.1344 28.3681 167.4568
14590 -0.0723 -0.0737 0.9849 44.2505 65.8875 -6.2256 -4.9363 73.3389 -21.1344 28.4250 167.1952
14623 -0.0781 -0.0571 0.9795 73.3948 32.0740 -32.9895 -4.9363 73.3389 -21.1344 28.3951 167.4118
14659 -0.0249 0.1665 1.0117 73.8831 9.1248 -26.9165 -8.1096 78.2752 -23.5205 28.4161 167.3246
14693 -0.0474 0.1309 1.0200 45.6238 6.2256 -18.5547 -8.1096 78.2752 -23.5205 28.4101 167.4145
14725 -0.0635 0.0825 1.0391 31.1584 -6.8970 -27.5269 -8.1096 78.2752 -23.5205 28.4131 167.2401
14757 0.0337 0.1567 1.0137 10.8032 -6.3782 -15.7776 -8.1096 78.2752 -23.5205 28.3981 167.5307
14790 0.0010 0.0967 1.0093 -4.4861 9.5825 -0.0305 -10.9303 78.6278 -24.2023 28.4460 167.6443
14823 0.0015 0.0981 1.0024 -4.5776 11.7493 8.3008 -10.9303 78.6278 -24.2023 28.4370 167.5730
14859 -0.0156 -0.0176 0.9502 -15.4419 35.8276 5.8594 -10.9303 78.6278 -24.2023 28.4640 167.4277
14892 -0.1338 0.0024 0.9756 12.6038 31.4636 -2.5635 -10.9303 78.6278 -24.2023 28.4430 167.4118
14924 -0.0444 0.0044 0.9165 59.8755 30.5786 -7.9956 -12.1644 80.9196 -26.7588 28.4610 167.1820
14958 -0.0220 0.5322 1.0264 139.3433 8.3008 -28.5645 -12.1644 80.9196 -26.7588 28.4670 167.2718
15010 -0.0181 0.2666 0.9712 36.7737 7.7515 -14.6179 -12.1644 80.9196 -26.7588 28.5059 167.2824
15047 -0.1089 0.3857 0.9521 49.2859 14.2822 -19.5923 -17.2770 82.8588 -27.2701 28.5119 166.9944
15081 -0.1450 0.3037 0.9487 26.0315 13.8550 -21.1487 -17.2770 82.8588 -27.2701 28.4939 167.1846
15114 -0.1338 0.3223 0.9644 20.8435 15.2588 -14.7095 -17.2770 82.8588 -27.2701 28.5209 167.1846
15147 -0.1792 0.3066 0.9272 27.9846 16.4795 -8.1787 -17.8058 84.7981 -30.5085 28.5299 167.5466
15180 -0.1079 0.2896 0.8906 38.9099 14.6179 -18.7683 -17.8058 84.7981 -30.5085 28.5628 167.7183
15216 -0.1914 0.3247 0.9927 34.9426 -5.0659 -14.5264 -17.8058 84.7981 -30.5085 28.5778 167.2850
15249 -0.1724 0.3638 0.9595 1.0071 1.9226 1.8005 -17.8058 84.7981 -30.5085 28.5628 167.6047
15281 -0.1836 0.3159 0.9995 -17.0898 -7.8735 21.1792 -19.0399 84.9744 -29.9972 28.5898 167.5175
15314 -0.2251 0.3345 1.1216 -33.9966 -35.1868 54.2297 -19.0399 84.9744 -29.9972 28.5958 167.3299
15347 -0.0522 0.3203 0.8467 -45.2271 -111.2671 74.1882 -19.0399 84.9744 -29.9972 28.6257 167.3880
15380 -0.0762 -0.1963 0.8975 -46.5393 63.0798 112.9150 -19.0399 84.9744 -29.9972 28.6407 167.4171
15416 0.1641 0.3296 0.9106 13.1531 -79.1626 13.3972 -20.8029 78.9803 -28.9745 28.6197 167.3590
15450 -0.0410 0.2070 0.9800 1.5869 -7.9346 37.1399 -20.8029 78.9803 -28.9745 28.6107 167.3775
15482 0.0688 0.2656 0.9531 14.5264 -42.9382 12.3291 -20.8029 78.9803 -28.9745 28.6197 167.3880
15515 0.0806 0.2944 0.9448 17.6392 -26.2451 19.9585 -20.8029 78.9803 -28.9745 28.6167 167.4198
15547 0.0562 0.2861 0.9438 19.4702 -27.5879 18.1580 -22.9184 75.4544 -25.9066 28.6257 167.2163
15585 0.0771 0.3564 0.9263 14.3127 -45.4102 13.7329 -22.9184 75.4544 -25.9066 28.5958 167.2586
15617 0.1836 0.2788 0.9424 15.3503 -37.9639 18.5547 -22.9184 75.4544 -25.9066 28.5808 167.3907
15649 0.1826 0.3438 0.9023 22.8882 -32.5317 13.1836 -25.2102 70.3419 -26.0771 28.5958 167.2744
15683 0.0918 0.3921 0.9004 14.5569 -40.0696 39.5813 -25.2102 70.3419 -26.0771 28.5868 167.3484
15716 0.2788 0.3926 0.8989 4.5471 -71.0144 27.3438 -25.2102 70.3419 -26.0771 28.5988 167.3484
15752 0.2256 0.3354 0.8833 -3.0518 -55.6946 46.8445 -25.2102 70.3419 -26.0771 28.5808 167.3590
15783 0.2471 0.2627 0.8823 -14.8926 -82.7637 -15.5640 -26.2680 63.6426 -25.0544 28.5898 167.6338
15817 0.4194 0.2476 0.8389 14.2822 -22.7966 37.4756 -26.2680 63.6426 -25.0544 28.5748 167.6338
15850 0.2017 0.2266 0.8545 33.6304 -60.0586 2.1362 -26.2680 63.6426 -25.0544 28.5808 167.2454
15883 0.2485 0.1328 0.7930 20.5994 -80.9326 -66.6504 -26.2680 63.6426 -25.0544 28.5868 167.1027
15919 0.2212 0.3755 0.7432 69.5190 -91.6748 -9.6130 -28.0310 58.3538 -26.4180 28.5748 167.2744
15952 0.4321 0.4722 0.5977 81.0547 -150.6653 1.0376 -28.0310 58.3538 -26.4180 28.5598 167.1899
15985 0.7915 0.4287 0.5156 69.3359 -135.8948 -35.0647 -28.0310 58.3538 -26.4180 28.5718 167.3299
16018 0.7290 0.5791 0.5317 94.8792 -75.0732 33.2642 -28.0310 58.3538 -26.4180 28.5568 167.2903
16050 0.8125 0.5215 0.4009 64.0564 -70.0073 -26.7029 -35.6117 47.2472 -33.7468 28.5598 167.3775
16083 0.5879 0.4976 0.5166 76.4465 -5.7373 43.9453 -35.6117 47.2472 -33.7468 28.5478 167.2454
16119 0.5649 0.4146 0.4575 33.2947 -50.7507 -18.2800 -35.6117 47.2472 -33.7468 28.5389 167.2005
16152 0.8364 0.5039 0.4102 62.3474 -32.6538 -31.6772 -38.2561 44.9553 -39.0304 28.5449 167.1872
16186 0.8394 0.6152 0.4004 16.2048 32.7759 -173.0652 -38.2561 44.9553 -39.0304 28.5449 167.0261
16219 0.7192 0.4526 0.3911 24.8413 206.4209 -100.9216 -38.2561 44.9553 -39.0304 28.5449 167.1872
16251 0.0854 0.5313 0.3906 127.6550 141.4185 -42.1753 -38.2561 44.9553 -39.0304 28.5179 167.1846
16287 -0.5078 1.7412 0.4429 165.4663 104.6143 87.7686 -44.7790 58.8827 -45.6775 28.5419 167.2427
16321 0.3486 0.7920 0.2974 90.4846 41.1682 -90.3320 -44.7790 58.8827 -45.6775 28.5299 167.2137
16354 0.4497 0.9971 0.3853 88.5010 48.9807 10.8337 -44.7790 58.8827 -45.6775 28.5239 167.2427
16387 0.3379 0.8564 0.2778 64.4226 88.3789 46.2341 -44.7790 58.8827 -45.6775 28.5149 167.1846
16418 0.0747 0.7314 0.3765 55.8167 48.8586 -24.1394 -46.3657 63.2901 -53.6881 28.5419 167.4700
16456 0.1714 1.3228 0.3643 42.8467 0.9460 -13.4888 -46.3657 63.2901 -53.6881 28.5449 167.3009
16488 0.1074 0.8901 0.4063 12.4207 -2.5024 8.2397 -46.3657 63.2901 -53.6881 28.5209 167.4171
16521 0.0327 0.6602 0.3701 22.2473 -53.4363 -29.4495 -46.3657 63.2901 -53.6881 28.5209 167.2005
16552 0.5205 0.7061 0.2368 26.7944 -84.8389 -64.4836 -47.5998 64.1715 -57.9491 28.5389 167.1000
16586 0.3604 0.6729 0.1904 98.1140 9.9182 24.6887 -47.5998 64.1715 -57.9491 28.5059 167.2005
16622 0.2954 1.1753 0.0977 88.1653 49.5911 -3.1433 -47.5998 64.1715 -57.9491 28.5299 166.9415
16655 0.2993 1.1079 0.1123 6.3782 -5.0049 -89.3860 -47.5998 64.1715 -57.9491 28.5089 167.4171
16688 0.3091 1.0596 0.1758 2.6855 24.9939 -55.0232 -45.3079 67.1686 -64.5962 28.5209 166.8966
16720 0.1060 0.9028 0.1270 -1.7700 54.4434 -38.3301 -45.3079 67.1686 -64.5962 28.5209 166.8543
16753 0.1753 0.8379 0.2603 4.8218 5.4932 -24.2310 -45.3079 67.1686 -64.5962 28.5149 167.0842
16786 0.2329 1.0283 0.1675 21.0266 46.4478 -16.5405 -45.1316 73.6915 -63.4031 28.5149 166.9521
16823 -0.1655 0.7251 0.1953 44.7388 26.2451 -22.3389 -45.1316 73.6915 -63.4031 28.5239 167.0974
16856 0.0020 1.0796 0.1060 105.4077 -16.6626 48.4314 -45.1316 73.6915 -63.4031 28.5269 166.8807
16888 0.0908 0.8726 0.0645 58.7463 4.3640 -27.9541 -45.1316 73.6915 -63.4031 28.4999 167.1265
16920 -0.0151 0.4668 0.1357 81.0242 37.2314 -20.8435 -45.4842 72.2811 -70.9024 28.5029 167.0815
16977 -0.4575 -0.2656 -1.2744 -418.8232 16.9678 -846.5881 -45.4842 72.2811 -70.9024 28.5149 166.7645
17014 -0.1558 0.4097 0.2900 -184.0515 -188.3545 -209.5337 -45.4842 72.2811 -70.9024 28.4939 166.7513
17047 0.2070 1.1143 -0.3931 -214.8132 -38.1165 -72.9675 -43.7213 72.2811 -68.8571 28.4999 166.8358
17081 -0.6846 1.0186 -0.0034 -203.1250 -169.1589 -40.2832 -43.7213 72.2811 -68.8571 28.4909 166.7645
17114 0.0630 0.9126 0.8521 -153.0457 -69.8242 -116.7297 -43.7213 72.2811 -68.8571 28.4790 167.1423
17147 0.2217 0.4629 0.3213 365.5701 308.4717 489.8071 -43.7213 72.2811 -68.8571 28.5179 166.6799
17183 0.8530 -0.3867 0.3472 23.3765 210.6018 -397.5525 -41.9583 74.0441 -61.3578 28.5059 166.7645
17217 -1.6411 1.6470 -0.1719 567.6575 212.5549 883.5144 -41.9583 74.0441 -61.3578 28.4939 166.6799
17250 2.3311 1.3760 -1.2246 -148.4985 -229.4006 -1000.0000 -41.9583 74.0441 -61.3578 28.4790 166.6641
17284 -1.0786 0.3271 -0.9688 282.0129 -116.6077 -298.0957 -41.9583 74.0441 -61.3578 28.4939 166.6799
17316 0.9897 1.7432 -0.7358 505.1880 -241.1499 182.8613 -39.8428 74.0441 -88.6280 28.5029 166.7196
17353 -1.0522 1.3574 -0.9697 80.2002 340.8813 -170.4712 -39.8428 74.0441 -88.6280 28.4790 166.6905
17386 -1.5010 1.0811 -0.8066 43.7012 -219.4214 -144.6533 -39.8428 74.0441 -88.6280 28.4700 166.7328
17420 -0.9341 0.5059 -0.6792 105.7434 -316.9250 267.2119 -31.3806 77.9226 -100.5587 28.4730 166.3840
17454 -0.9106 0.6299 -0.9863 127.3193 -375.3357 136.5662 -31.3806 77.9226 -100.5587 28.4760 166.5584
17486 0.7974 0.8545 -1.1055 84.4727 -238.9526 73.7915 -31.3806 77.9226 -100.5587 28.4640 166.6905
17523 0.2314 0.5537 -0.7124 8.9417 -41.1072 -62.9578 -31.3806 77.9226 -100.5587 28.4400 166.9045
17556 0.0645 0.5674 -0.8730 41.6565 15.0146 -13.0615 -28.2073 91.6736 -94.4229 28.4610 166.3074
17590 -0.2314 0.6187 -0.9653 60.8521 77.7893 -20.4163 -28.2073 91.6736 -94.4229 28.4580 166.3074
17622 0.1382 0.9268 -1.0874 46.2341 42.1448 -81.8787 -28.2073 91.6736 -94.4229 28.4550 166.5531
17654 -0.1948 0.9355 -1.0273 11.6882 170.0134 12.1765 -28.2073 91.6736 -94.4229 28.4610 166.5980
17691 -0.3760 0.4722 -0.7705 -63.8428 151.1230 -81.6345 -21.6843 88.6766 -99.3656 28.4430 166.5980
17725 -0.6294 0.4482 -0.5332 -5.9509 98.5413 24.4446 -21.6843 88.6766 -99.3656 28.4610 166.6139
17758 -0.4844 0.5737 -0.7095 15.4114 40.9546 -29.9683 -21.6843 88.6766 -99.3656 28.4310 166.7883
17790 -0.5278 0.7710 -0.7739 17.7917 32.6843 21.5759 -21.6843 81.9774 -106.1831 28.4191 166.7011
17824 -0.5303 0.6362 -0.7017 13.2446 -51.7273 22.5525 -21.6843 81.9774 -106.1831 28.4550 166.6403
17860 -0.3198 0.7314 -0.8076 9.9487 -91.9800 50.0183 -21.6843 81.9774 -106.1831 28.4430 166.4659
17893 -0.2139 0.6050 -0.7148 -24.4141 -80.7800 25.2380 -21.6843 81.9774 -106.1831 28.4310 166.5954
17926 -0.2446 0.3501 -0.8096 -7.8735 -61.3403 21.4233 -24.1525 86.9136 -103.1152 28.4280 166.5214
17959 -0.1797 0.4380 -0.8789 35.3699 -52.9785 62.4695 -24.1525 86.9136 -103.1152 28.4370 166.3629
17992 -0.2632 0.4087 -0.7656 35.6750 -51.0864 58.5327 -24.1525 86.9136 -103.1152 28.4161 166.2202
18025 -0.0645 0.4448 -0.8828 37.6282 -49.9573 -14.0991 -24.1525 86.9136 -103.1152 28.4280 166.4500
18062 -0.0972 0.5435 -0.8496 61.6455 22.2778 22.4915 -23.9762 89.9107 -102.6039 28.4161 166.3629
18096 -0.3481 0.6006 -0.9194 68.0237 39.3066 50.1404 -23.9762 89.9107 -102.6039 28.4310 166.4210
18127 -0.3223 0.5439 -0.8022 24.2310 -3.6621 -8.2397 -23.9762 89.9107 -102.6039 28.4161 166.2466
18160 -0.1675 0.4883 -0.8901 50.9949 8.8501 11.7798 -23.9762 89.9107 -102.6039 28.3981 166.2598
18193 -0.3457 0.6509 -0.9395 74.1577 38.6658 19.7754 -19.7451 86.0322 -106.6945 28.4340 166.2466
18231 -0.3555 0.6758 -0.8418 67.3523 0.2136 62.1643 -19.7451 86.0322 -106.6945 28.4280 166.5055
18263 -0.2539 0.5503 -0.9761 55.8167 3.7537 116.0278 -19.7451 86.0322 -106.6945 28.4161 166.4897
18295 -0.3394 0.4536 -1.0020 18.7988 -23.4375 95.6726 -20.2740 83.3877 -108.5693 28.4191 166.4315
18329 -0.2305 0.4551 -0.9478 18.1885 -59.7534 129.1809 -20.2740 83.3877 -108.5693 28.4131 166.5504
18362 -0.1255 0.2095 -1.1387 11.5967 -55.8472 130.7373 -20.2740 83.3877 -108.5693 28.4071 166.3206
18399 0.1567 0.3569 -1.1318 45.1660 -43.6096 146.6980 -20.2740 83.3877 -108.5693 28.3951 166.1752
18432 0.2964 0.3198 -0.9180 80.0171 2.4414 157.3181 -24.1525 80.5670 -106.8649 28.3711 166.3893
18465 0.1099 0.4170 -0.9043 -4.4556 210.1746 2.5024 -24.1525 80.5670 -106.8649 28.3921 166.4051
18498 -0.2446 0.3218 -1.1138 10.0708 137.5732 8.7280 -24.1525 80.5670 -106.8649 28.4041 166.4183
18531 -0.0288 0.5254 -0.9326 61.4624 53.1921 75.0122 -24.1525 80.5670 -106.8649 28.4071 166.3047
18567 0.0537 0.6318 -0.7651 71.0754 49.3774 123.1384 -22.0369 67.5211 -113.3416 28.4011 166.3470
18600 -0.4731 0.3848 -0.8726 25.1160 13.0615 109.9854 -22.0369 67.5211 -113.3416 28.3951 166.3893
18633 -0.3477 0.2578 -0.8076 -53.7415 -123.1995 -35.4309 -22.0369 67.5211 -113.3416 28.4071 166.3893
18666 -0.2896 0.0000 -0.9424 -11.9629 -148.0103 52.4597 -22.0369 67.5211 -113.3416 28.4071 166.3496
18699 0.5239 0.2329 -1.0146 -14.8926 -91.0034 9.9792 -23.4473 69.9893 -112.6598 28.3981 166.0986
18737 -0.1157 -0.1646 -1.0444 29.4495 -26.1230 71.8079 -23.4473 69.9893 -112.6598 28.4011 166.3470
18769 -0.0132 -0.0190 -1.0576 81.5125 -57.1289 95.6116 -23.4473 69.9893 -112.6598 28.3921 166.2175
18802 -0.0264 -0.0376 -1.1265 72.3877 -57.1594 44.8914 -21.1554 74.0441 -112.8302 28.4041 166.3338
18836 0.0840 0.0918 -1.0474 76.5076 -20.4468 34.3018 -21.1554 74.0441 -112.8302 28.4041 166.1726
18869 -0.0449 0.3057 -1.0078 66.6809 17.3950 -4.5776 -21.1554 74.0441 -112.8302 28.4161 166.3444
18915 -0.0396 0.3589 -0.6792 37.1094 -8.3008 -6.5918 -21.1554 74.0441 -112.8302 28.3981 166.1700
18964 -0.0166 0.5054 -1.0908 -6.7444 -25.7263 32.9895 -16.9244 73.6915 -114.5346 28.3891 166.2598
18998 -0.1172 0.3975 -1.1411 -68.1763 -69.7327 4.1199 -16.9244 73.6915 -114.5346 28.4011 166.4448
19031 0.0200 -0.0024 -1.1333 -102.9968 -67.8101 -8.1177 -16.9244 73.6915 -114.5346 28.3921 166.3444
19063 0.2983 -0.1240 -0.9746 -78.8269 -16.2048 -1.1902 -23.2710 77.5700 -110.1032 28.3951 166.3734
19100 0.1938 -0.0332 -1.1460 32.8369 85.0830 57.8003 -23.2710 77.5700 -110.1032 28.3651 166.1990
19133 -0.0137 0.0708 -1.2690 79.2236 93.0176 121.8872 -23.2710 77.5700 -110.1032 28.3951 166.2730
19166 0.1138 0.3398 -1.0986 45.2576 62.7747 58.9905 -23.2710 77.5700 -110.1032 28.3831 166.3734
19198 -0.1328 0.3691 -0.9385 -22.3694 73.4863 22.5830 -22.5658 67.6974 -114.1937 28.3861 166.4183
19232 0.0190 0.3071 -0.9229 -52.1240 63.8733 9.9792 -22.5658 67.6974 -114.1937 28.3861 166.1409
19268 0.1138 0.6133 -0.8188 -11.7188 4.9744 10.3760 -22.5658 67.6974 -114.1937 28.3861 166.2598
19301 -0.2061 0.1616 -0.9341 -54.9316 -17.8223 -9.7961 -28.2073 60.9982 -112.4894 28.3831 166.3734
19335 -0.1543 0.0732 -0.8813 -45.2881 -49.5605 16.1133 -28.2073 60.9982 -112.4894 28.3831 166.1700
19367 -0.0967 -0.0264 -0.9414 -17.1814 -86.8530 18.1885 -28.2073 60.9982 -112.4894 28.4101 166.1990
19401 0.0874 0.0044 -0.9741 24.8413 -90.9119 29.4495 -28.2073 60.9982 -112.4894 28.4041 166.0986
19433 0.1284 0.1172 -1.0474 65.4602 -62.9578 45.1050 -29.0887 67.1686 -110.9554 28.4011 166.3153
19471 0.1211 0.3159 -1.0879 57.7393 -55.6946 17.4255 -29.0887 67.1686 -110.9554 28.3951 166.6614
19504 0.0435 0.4624 -1.1025 13.8855 -30.6091 -9.8267 -29.0887 67.1686 -110.9554 28.3801 166.3734
19536 -0.0015 0.4253 -1.1108 -35.0952 -15.8691 -24.9634 -29.0887 67.1686 -110.9554 28.3651 166.3734
19569 0.1597 0.1816 -1.0693 -41.8701 16.9678 7.7820 -26.9732 69.2841 -111.9780 28.3861 166.4157
19603 0.0596 0.1025 -0.9580 -77.6367 39.5203 -102.1729 -26.9732 69.2841 -111.9780 28.3951 166.2730
19639 -0.1299 0.1821 -0.9995 -11.6577 17.0898 -13.1531 -26.9732 69.2841 -111.9780 28.3592 166.2281
19672 -0.0557 0.2979 -1.0420 -30.3040 35.4309 -39.1541 -26.9732 69.2841 -111.9780 28.3921 166.3444
19704 -0.0073 0.2612 -0.8960 -39.8865 46.2036 -32.2571 -30.3228 71.2233 -109.7623 28.3951 166.2281
19739 0.0078 0.2573 -1.0093 -20.9656 25.0244 -26.6113 -30.3228 71.2233 -109.7623 28.4011 166.3153
19772 -0.0933 0.0244 -0.9824 19.7449 2.8687 17.0288 -30.3228 71.2233 -109.7623 28.3741 166.3153
19808 0.0269 0.2632 -0.9683 2.7771 5.0049 -18.8904 -29.4413 69.6367 -108.2284 28.3771 166.6059
19842 0.0054 0.4443 -0.9346 -12.8784 7.3242 -43.0908 -29.4413 69.6367 -108.2284 28.3771 166.4897
19874 0.0117 0.4209 -0.9360 -9.3994 15.9607 -10.8032 -29.4413 69.6367 -108.2284 28.4011 166.5901
19907 0.0171 0.2778 -0.9526 12.2986 3.5706 15.3809 -29.4413 69.6367 -108.2284 28.3921 166.4315
19939 -0.0063 0.3306 -1.0112 -10.9863 6.9885 -34.6375 -31.5569 69.2841 -108.5693 28.3771 166.4897
19986 -0.0322 0.3696 -1.0703 -22.9797 19.5923 15.4419 -31.5569 69.2841 -108.5693 28.4101 166.4474
20019 0.0522 0.0142 -1.0313 -22.8882 -17.3035 15.2588 -31.5569 69.2841 -108.5693 28.3711 166.2598
20051 -0.0352 0.3589 -0.9492 -0.5798 2.5330 -8.0872 -31.5569 69.2841 -108.5693 28.3741 166.5055
20083 0.0234 0.3032 -0.9653 -20.4773 12.5732 -4.2419 -32.0858 70.5182 -108.7397 28.3681 166.4025
20117 -0.0317 0.3794 -0.9453 -17.7917 17.2424 -21.3928 -32.0858 70.5182 -108.7397 28.3891 166.2730
20164 -0.0664 0.2651 -0.9365 -11.6272 17.7612 -8.6670 -32.0858 70.5182 -108.7397 28.4011 166.2307
20197 -0.0439 0.2813 -0.9292 -16.2964 -17.8223 -40.9546 -31.9095 69.9893 -107.5466 28.3981 166.3444
20231 0.0566 0.3647 -0.9565 -14.5569 1.0376 -22.8882 -31.9095 69.9893 -107.5466 28.3741 166.4025
20263 -0.0205 0.3794 -0.9438 -4.6997 0.1526 -39.4287 -31.9095 69.9893 -107.5466 28.4011 166.3311
20296 -0.0371 0.3853 -0.9375 5.7983 -2.5940 -14.4348 -31.9095 69.9893 -107.5466 28.3951 166.4474
20332 -0.0273 0.3706 -0.9419 5.4626 -2.8992 -5.7983 -33.1435 72.2811 -107.3762 28.3951 166.4606
20366 -0.0073 0.3438 -0.9575 -10.7117 -3.3875 -31.3110 -33.1435 72.2811 -107.3762 28.4071 166.7090
20399 -0.0430 0.3750 -0.9575 0.2441 -9.9792 9.7961 -33.1435 72.2811 -107.3762 28.3921 166.4897
20431 0.0439 0.2920 -0.9634 -9.6130 -13.3362 18.4326 -33.1435 72.2811 -107.3762 28.4011 166.6799
20464 -0.0303 0.4912 -1.0288 -25.6348 -21.6064 -21.3318 -32.4384 71.2233 -105.6718 28.3951 166.3206
20502 -0.0811 0.3882 -0.9233 -25.9705 -10.1624 -6.0730 -32.4384 71.2233 -105.6718 28.3981 166.4897
20535 -0.1113 0.5063 -0.8936 -13.5498 0.9460 -26.7944 -32.4384 71.2233 -105.6718 28.4101 166.4606
20568 -0.1284 0.2241 -1.0537 3.0823 -4.2419 15.1978 -35.4354 73.1626 -104.4788 28.4071 166.5927
20601 -0.4063 -0.0190 -0.8374 3.5400 -24.0784 -64.0564 -35.4354 73.1626 -104.4788 28.4161 166.3338
20634 -0.0747 0.4917 -0.8857 13.4888 -48.7366 -3.2349 -35.4354 73.1626 -104.4788 28.4011 166.3338
20667 -0.1733 0.1646 -0.9497 32.0435 -47.3633 48.7976 -35.4354 73.1626 -104.4788 28.3801 166.7671
20703 0.0532 0.5073 -0.9424 25.0549 -44.0369 1.2207 -32.0858 75.1018 -105.3309 28.3861 166.7090
20737 0.0010 0.2661 -0.9951 12.4817 -9.0332 -16.2048 -32.0858 75.1018 -105.3309 28.3921 166.4633
20769 -0.2061 0.6885 -0.8750 4.9438 4.5776 -46.4783 -32.0858 75.1018 -105.3309 28.3921 166.4500
20802 -0.1577 0.3237 -0.9419 26.3672 56.8237 50.9033 -32.0858 75.1018 -105.3309 28.3831 166.4633
20835 -0.3789 0.3120 -0.8765 21.0876 61.7065 44.8914 -31.7332 77.5700 -106.6945 28.3771 166.4368
20872 -0.2349 0.3521 -0.8994 -5.6458 -45.9290 -37.1094 -31.7332 77.5700 -106.6945 28.3831 166.2017
20904 -0.0615 0.2778 -0.9990 -2.6550 -42.8162 0.0610 -31.7332 77.5700 -106.6945 28.3831 166.5504
20961 0.1143 0.4951 -0.7178 4.3335 -10.0708 -9.2163 -31.3806 77.2174 -107.0353 28.3951 166.4210
20996 -0.1816 0.3110 -0.9570 23.1323 47.6685 51.4221 -31.3806 77.2174 -107.0353 28.3801 166.3734
21028 -0.1787 0.3423 -0.9634 7.4158 10.8948 -32.2266 -31.3806 77.2174 -107.0353 28.4011 166.4051
21064 -0.1001 0.3647 -0.9409 6.6223 20.3552 -21.7896 -30.1465 75.2781 -107.5466 28.3831 166.5769
21098 -0.2373 0.3838 -0.9014 19.4397 12.0239 11.6577 -30.1465 75.2781 -107.5466 28.3951 166.4183
21131 -0.1094 0.3833 -0.9453 5.2795 -17.8833 -19.4092 -30.1465 75.2781 -107.5466 28.3891 166.4633
21164 -0.1333 0.3774 -0.9316 16.0828 -6.5918 22.4304 -30.1465 75.2781 -107.5466 28.3861 166.6931
21196 -0.1890 0.3755 -0.9482 -0.7629 -16.3574 13.2446 -28.9124 74.7493 -108.0580 28.3831 166.4897
21234 -0.1353 0.3203 -0.9775 -13.7939 -42.0532 4.8218 -28.9124 74.7493 -108.0580 28.3861 166.5346
21266 -0.0845 0.3022 -0.9937 -16.0828 -45.5322 10.2234 -28.9124 74.7493 -108.0580 28.3861 166.3787
21300 -0.0269 0.2529 -1.0029 -14.3433 -34.4543 6.3171 -28.9124 74.7493 -108.0580 28.3891 166.4474
21332 -0.0547 0.2007 -0.9614 -14.2822 13.3667 -1.0681 -28.9124 77.5700 -106.3536 28.4071 166.4183
21366 -0.1074 0.2397 -1.0044 -1.4648 22.2473 -6.4697 -28.9124 77.5700 -106.3536 28.3891 166.7671
21402 -0.0425 0.3301 -0.9487 12.7258 27.4048 -15.7166 -28.9124 77.5700 -106.3536 28.3981 166.6641
21435 -0.1309 0.3452 -0.9673 14.2517 57.4646 -8.3008 -28.9124 77.5700 -106.3536 28.3921 166.6641
21468 -0.2397 0.4053 -0.9365 11.8408 47.4243 -5.3101 -29.9702 76.8648 -108.0580 28.4011 166.6350
21501 -0.2271 0.4346 -0.9263 -1.0986 14.9231 -9.9487 -29.9702 76.8648 -108.0580 28.3711 166.7222
21534 -0.2114 0.3892 -0.9312 -13.9160 -1.5869 -6.8359 -29.9702 76.8648 -108.0580 28.3981 166.6350
21570 -0.1782 0.3081 -0.9282 -14.8621 -23.4070 7.9956 -29.9702 74.0441 -107.3762 28.3741 166.2307
21604 -0.1182 0.2666 -0.9316 -9.0332 -30.4871 9.3994 -29.9702 74.0441 -107.3762 28.3951 166.5927
21637 -0.0977 0.2563 -0.9565 -0.5798 -20.5994 12.9395 -29.9702 74.0441 -107.3762 28.3861 166.5214
21669 -0.1016 0.2656 -0.9644 3.2043 -17.7612 0.3052 -29.9702 74.0441 -107.3762 28.4011 166.4765
21702 -0.0879 0.2974 -0.9707 8.6060 -13.0615 1.5564 -29.6176 77.5700 -107.7171 28.3801 166.2730
21736 -0.0947 0.3369 -0.9814 10.4675 -7.4768 -0.7019 -29.6176 77.5700 -107.7171 28.3801 166.2624
21772 -0.0796 0.3550 -0.9795 6.5002 -1.5259 -6.1646 -29.6176 77.5700 -107.7171 28.3741 166.5901
21805 -0.0981 0.3745 -0.9731 2.7161 8.3618 -4.4250 -29.6176 77.5700 -107.7171 28.3861 166.7803
21837 -0.0996 0.3740 -0.9668 -1.1597 15.0452 0.3967 -29.2650 77.9226 -108.7397 28.3831 166.7803
21871 -0.1401 0.3447 -0.9546 -9.0027 22.6135 -2.9297 -29.2650 77.9226 -108.7397 28.3681 166.4765
21904 -0.1670 0.3076 -0.9326 -11.6882 13.2751 -10.8337 -29.2650 77.9226 -108.7397 28.3831 166.5769
21940 -0.1553 0.3032 -0.9351 -3.4790 4.2114 -0.6104 -29.2650 77.9226 -108.7397 28.3861 166.7222
21972 -0.1416 0.2979 -0.9131 1.5869 -1.5259 3.2959 -29.4413 77.0411 -106.8649 28.4101 166.7090
22006 -0.1187 0.3062 -0.9546 4.2419 -6.5918 1.4343 -29.4413 77.0411 -106.8649 28.3981 166.6799
22039 -0.1206 0.3208 -0.9458 6.5002 -3.8757 5.3406 -29.4413 77.0411 -106.8649 28.3651 166.7962
22071 -0.1196 0.3242 -0.9619 4.9133 -5.2795 -3.5706 -28.9124 77.2174 -107.0353 28.3651 166.7803
22109 -0.1226 0.3726 -0.9683 2.2278 -9.4604 -3.9978 -28.9124 77.2174 -107.0353 28.3741 166.7513
22140 -0.1143 0.3667 -0.9771 -3.9063 -7.6904 0.8545 -28.9124 77.2174 -107.0353 28.3741 166.4474
22173 -0.1265 0.3477 -0.9888 -10.5591 -11.8713 -6.7444 -28.9124 77.2174 -107.0353 28.3711 166.5927
22206 -0.0825 0.3301 -1.0024 -18.7073 -16.8762 -24.0479 -30.3228 76.5122 -106.0127 28.3831 166.7671
22241 -0.0454 0.3711 -0.9780 -17.1204 -5.9509 -21.8201 -30.3228 76.5122 -106.0127 28.3562 166.5769
22277 -0.0854 0.2876 -1.0098 -4.3945 22.4304 -7.4768 -30.3228 76.5122 -106.0127 28.3891 166.3893
22309 -0.2085 0.3794 -0.9863 12.2070 20.1721 1.4038 -30.3228 76.5122 -106.0127 28.3741 166.5769
22342 -0.1621 0.3711 -1.0439 4.7302 -3.7842 -31.6467 -29.4413 78.0989 -106.8649 28.3801 166.6059
22376 -0.2310 0.2417 -0.9717 9.9487 -0.2747 18.3105 -29.4413 78.0989 -106.8649 28.3651 166.4315
22409 -0.0947 0.3472 -1.0693 4.6997 -10.9863 -23.1934 -29.4413 78.0989 -106.8649 28.3801 166.5504
22445 -0.0972 0.4175 -1.0225 6.1646 31.8298 -10.5591 -29.4413 78.0989 -106.8649 28.3771 166.8966
22477 -0.1611 0.3486 -1.0044 -14.5264 34.9426 -32.4402 -26.9732 79.1566 -107.2058 28.3981 166.6086
22511 -0.1660 0.3560 -1.0464 -11.9019 30.8533 -12.5427 -26.9732 79.1566 -107.2058 28.3562 166.4474
22544 -0.2334 0.3276 -1.0752 -7.7820 22.4304 -1.6479 -26.9732 79.1566 -107.2058 28.3861 166.7328
22577 -0.1768 0.2788 -0.9873 -10.1318 -5.4016 -16.9678 -27.1495 78.6278 -107.3762 28.3801 166.7803
22615 -0.1064 0.2134 -1.0591 5.4321 -17.5781 -27.0996 -27.1495 78.6278 -107.3762 28.3831 166.5769
22647 -0.0786 0.1982 -1.1089 51.2695 -13.3362 6.7139 -27.1495 78.6278 -107.3762 28.3741 166.6931
22680 -0.0059 0.5127 -1.1606 42.8162 12.9395 -49.5605 -27.1495 78.6278 -107.3762 28.3861 166.5637
22713 -0.1211 0.2949 -1.0928 39.6423 5.5237 12.2375 -23.0947 78.8040 -109.5919 28.3831 166.6509
22747 -0.0313 0.5195 -1.0820 65.7043 35.7666 20.1721 -23.0947 78.8040 -109.5919 28.3621 166.6350
22778 -0.0498 0.5298 -1.1724 16.5710 36.3464 2.1362 -23.0947 78.8040 -109.5919 28.3592 166.6799
22815 -0.0078 0.3906 -0.9941 -52.1851 28.5339 -30.1208 -23.0947 78.8040 -109.5919 28.3322 166.7513
22848 0.0063 0.3149 -1.0684 -30.2734 60.2722 33.0505 -22.2132 74.7493 -111.4667 28.3651 166.7513
22882 -0.0371 0.2100 -1.0879 -37.6892 67.4438 26.7944 -22.2132 74.7493 -111.4667 28.3711 166.7513
22936 -0.0049 0.2007 -1.0688 -4.5471 25.1770 56.3660 -22.2132 74.7493 -111.4667 28.3681 166.7063
22969 0.0996 0.2295 -1.0020 -19.1650 30.9143 34.3933 -23.7999 68.2263 -111.9780 28.3681 166.7645
23007 0.0771 -0.0713 -0.9951 -24.5361 58.4106 14.1296 -23.7999 68.2263 -111.9780 28.3771 166.5769
23040 0.1045 -0.1470 -1.0444 20.5994 41.1987 18.3411 -23.7999 68.2263 -111.9780 28.3472 166.8067
23072 -0.0249 -0.0703 -0.8569 58.9294 33.7219 28.9612 -23.7999 68.2263 -111.9780 28.3831 166.9521
23105 0.0293 0.0459 -1.0200 94.6045 -5.3406 20.5078 -24.3288 63.8189 -112.1485 28.3502 166.6059
23139 0.1382 0.1650 -1.1289 88.3179 -19.6533 -13.1226 -24.3288 63.8189 -112.1485 28.3502 167.0102
23175 0.2109 0.2363 -1.1992 79.1626 -10.3149 -17.3340 -24.3288 63.8189 -112.1485 28.3562 166.9653
23207 0.3389 0.3906 -1.3257 77.6062 -5.8289 0.8545 -15.5140 62.0560 -114.5346 28.3472 166.9362
23241 0.4341 0.4995 -1.4214 27.7100 66.8640 1.3428 -15.5140 62.0560 -114.5346 28.3472 166.8622
23274 0.6099 0.6138 -1.2129 -25.2075 161.0718 11.6577 -15.5140 62.0560 -114.5346 28.3292 166.7909
23307 0.3647 0.4795 -1.2661 -90.1184 229.8889 -3.1433 -15.5140 62.0560 -114.5346 28.3322 166.8781
23343 0.2383 0.3511 -0.9854 -112.8845 254.6997 10.0403 -21.1554 48.6575 -111.1259 28.3442 166.9072
23376 0.1338 0.2964 -0.9067 -93.0176 219.9707 70.9839 -21.1554 48.6575 -111.1259 28.3292 166.7486
23409 0.0332 0.2646 -0.7271 -131.6833 187.7747 27.3743 -21.1554 48.6575 -111.1259 28.3592 166.9072
23443 0.2368 0.2856 -0.4414 -133.2397 109.9548 30.4871 -21.1554 48.6575 -111.1259 28.3232 167.2242
23476 0.3052 0.2339 -0.3501 -127.7466 57.4036 40.9851 -29.7939 32.6147 -96.9795 28.3232 166.8332
23513 0.4038 0.1729 -0.3291 -101.0742 -10.9558 57.5867 -29.7939 32.6147 -96.9795 28.3322 167.1370
23545 0.6309 0.1958 -0.2070 -97.9004 -40.8630 49.1638 -29.7939 32.6147 -96.9795 28.3202 167.2084
23578 0.6079 0.0952 -0.3760 -108.6121 -33.4167 38.4827 -29.7939 32.6147 -96.9795 28.3172 167.1952
23611 0.6318 -0.0483 -0.5376 -94.3909 -71.0449 19.7754 -31.9095 28.7362 -90.1619 28.2933 167.2084
23645 0.7876 -0.0635 -0.4717 -73.7610 -70.6787 -1.6174 -31.9095 28.7362 -90.1619 28.3472 167.3405
23682 0.9658 0.0972 -0.3115 -11.9934 -29.7852 32.0740 -31.9095 28.7362 -90.1619 28.3202 167.1952
23713 0.7983 0.1343 -0.3770 -18.9819 12.8174 0.0305 -35.4354 29.7939 -90.5028 28.3052 167.1503
23747 0.7266 0.1338 -0.4624 -18.7988 19.9280 -16.8152 -35.4354 29.7939 -90.5028 28.3112 167.4356
23780 0.5830 0.0825 -0.5669 28.3203 -0.0916 -13.7329 -35.4354 29.7939 -90.5028 28.3322 167.0921
23813 0.6904 0.2529 -0.3618 32.7454 -14.4653 -22.6135 -35.4354 29.7939 -90.5028 28.3502 167.2084
23848 0.6182 0.1924 -0.4194 -5.1270 -21.8811 -72.1130 -36.1406 30.1465 -90.1619 28.2963 167.3246
23882 0.4585 0.0215 -0.6782 31.5857 -46.2341 -73.2117 -36.1406 30.1465 -90.1619 28.3172 167.0049
23915 0.4067 0.0928 -0.6958 100.1587 -61.0962 -15.8997 -36.1406 30.1465 -90.1619 28.3082 167.2507
23948 0.7515 0.4058 -0.4287 83.3740 -93.4753 -65.5518 -36.1406 30.1465 -90.1619 28.3082 167.2507
23981 0.3740 0.2505 -0.9253 65.5518 -48.4619 -96.8323 -34.5539 38.4324 -97.4908 28.3082 167.2084
24014 0.4961 0.5698 -1.0352 130.9204 -122.0093 1.4648 -34.5539 38.4324 -97.4908 28.3082 166.9864
24051 0.6387 0.7295 -1.0645 -36.3464 -121.7957 -102.8137 -34.5539 38.4324 -97.4908 28.2813 167.0630
24084 0.5859 0.4053 -1.0200 -29.7546 -17.7917 17.8223 -31.5569 47.0709 -103.7970 28.3052 167.1767
24118 0.5210 0.2515 -1.0122 -62.2559 -6.1951 -65.9180 -31.5569 47.0709 -103.7970 28.3112 167.2057
24151 0.5908 0.2993 -0.7954 -31.2195 1.7700 -53.5278 -31.5569 47.0709 -103.7970 28.3082 167.1317
24183 0.5303 0.3188 -0.7876 -5.4321 22.7966 -34.2712 -31.5569 47.0709 -103.7970 28.2992 167.0155
24219 0.3501 0.3145 -0.7988 3.4180 40.9241 -44.7388 -35.7880 50.5968 -102.7744 28.3052 166.8015
24253 0.4824 0.1001 -0.5459 45.4407 -34.7900 -36.9568 -35.7880 50.5968 -102.7744 28.2992 166.8992
24286 0.1548 -0.1436 -1.2129 76.9348 61.0657 -35.7971 -35.7880 50.5968 -102.7744 28.2992 166.7248
24318 0.4175 0.6304 -0.8110 228.7598 -7.2632 118.3777 -35.7880 50.5968 -102.7744 28.2992 167.0604
24351 0.5342 1.0742 -0.9531 175.9644 -144.8975 176.1475 -28.2073 47.2472 -107.3762 28.2992 167.1317
24389 0.5942 0.6304 -0.9448 -194.7937 -23.8953 -148.8342 -28.2073 47.2472 -107.3762 28.2843 167.2797
24422 0.7266 0.0107 -0.4019 -112.0911 52.4902 23.3765 -28.2073 47.2472 -107.3762 28.2843 167.2797
24455 0.4087 0.0020 -0.7876 49.6216 98.3582 133.5754 -28.2073 47.2472 -107.3762 28.3052 167.4805
24487 0.4238 0.2690 -0.6128 9.5520 9.5520 -23.6206 -31.0280 47.2472 -105.3309 28.3022 167.2797
24521 0.2949 0.4331 -0.9224 22.7356 -38.6658 -8.4229 -31.0280 47.2472 -105.3309 28.2903 167.1344
24557 0.7075 1.0166 -0.8027 -82.3669 -107.2998 49.1028 -31.0280 47.2472 -105.3309 28.2903 167.2189
24590 1.0078 0.2959 -0.8232 -99.3652 -55.8167 -14.0686 -33.3198 51.3020 -103.1152 28.2873 166.9864
24625 0.7383 -0.1177 -0.8774 -52.3682 38.6658 -101.3794 -33.3198 51.3020 -103.1152 28.2963 166.8992
24657 0.2983 0.4497 -1.0503 118.8354 68.2373 64.3921 -33.3198 51.3020 -103.1152 28.2603 167.1185
24690 0.3760 0.8242 -1.0015 80.7495 18.4326 31.1584 -33.3198 51.3020 -103.1152 28.2813 167.1185
24726 0.5972 0.7808 -0.8677 11.1694 7.3853 25.9094 -31.7332 46.1894 -103.9674 28.2783 166.9283
24760 0.5576 0.7734 -0.9146 -5.7068 35.4004 61.2488 -31.7332 46.1894 -103.9674 28.2753 166.9124
24793 0.4731 0.1133 -0.8979 -87.6770 30.6396 5.4321 -31.7332 46.1894 -103.9674 28.2992 167.0023
24825 0.6230 -0.4185 -1.2266 -39.4592 -4.8828 -41.1682 -31.7332 46.1894 -103.9674 28.2992 167.1185
24858 0.5298 0.4028 -0.2798 -28.3813 -4.3945 -156.7688 -32.9672 42.4872 -102.0926 28.2992 167.0895
24922 0.3555 0.3618 -0.9204 41.2598 21.1792 21.7896 -32.9672 42.4872 -102.0926 28.2813 167.3933
24954 0.5732 0.7124 -0.7119 25.8789 -45.3796 56.4575 -32.9672 42.4872 -102.0926 28.2903 167.4515
24987 0.7021 0.5654 -0.7422 -38.8184 -30.5481 23.7427 -27.6784 38.9613 -103.4561 28.3022 167.3960
25021 0.6240 0.3477 -0.9233 -60.3027 -0.2747 56.1829 -27.6784 38.9613 -103.4561 28.2693 167.1027
25054 0.5918 0.0435 -0.8750 -77.6367 5.2185 32.7454 -27.6784 38.9613 -103.4561 28.3022 167.3088
25090 0.7188 0.0288 -0.6699 -25.6348 23.7427 63.9954 -27.6784 38.9613 -103.4561 28.2633 167.3511
25122 0.6445 0.0840 -0.6724 -11.7188 40.1001 48.1567 -31.2043 37.1983 -100.7291 28.2663 167.2189
25156 0.5264 0.0181 -0.7075 -27.2217 18.2800 10.2844 -31.2043 37.1983 -100.7291 28.2723 167.2189
25189 0.6216 0.1030 -0.6689 14.7705 -9.1553 34.0576 -31.2043 37.1983 -100.7291 28.2603 167.0895
25222 0.6509 0.3179 -0.7051 23.2544 -4.6997 56.2439 -29.2650 33.4961 -99.5360 28.2633 167.0604
25242 0.6543 0.2456 -0.7485 -27.3438 -8.2397 3.5400 -29.2650 33.4961 -99.5360 28.2813 167.1767
error opening test.txt
25253 0.6782 0.1899 -0.7432 -35.7056 -10.2844 -6.5002 -29.2650 33.4961 -99.5360 28.2633 167.1767
error opening test.txt
25265 0.6973 0.1372 -0.7280 -34.3018 -8.5144 -1.7700 -29.2650 33.4961 -99.5360 28.2513 167.1767
error opening test.txt
25280 0.7075 0.0864 -0.7031 -25.2380 -3.0823 6.9885 -29.2650 33.4961 -99.5360 28.2813 167.2507
error opening test.txt
25291 0.7046 0.0566 -0.6958 -17.4255 0.7324 8.8501 -29.2650 33.4961 -99.5360 28.2753 167.2507
error opening test.txt
25304 0.6997 0.0469 -0.6860 -13.7024 2.3804 6.5613 -29.2650 33.4961 -99.5360 28.2903 167.2507
error opening test.txt
25315 0.7036 0.0405 -0.6616 -10.2844 2.3804 5.1575 -29.2650 33.4961 -99.5360 28.2663 167.1767
error opening test.txt
25326 0.7041 0.0229 -0.6460 -7.3242 5.7983 -2.1667 -29.2650 33.4961 -99.5360 28.2783 167.1767
25357 0.6704 0.0693 -0.6714 18.6157 6.2561 1.2207 -29.2650 32.4384 -98.1725 28.2813 167.1344
25394 0.6401 0.2559 -0.6821 29.9683 -0.6104 10.8643 -29.2650 32.4384 -98.1725 28.2963 167.4092
25426 0.6362 0.2817 -0.7241 6.9275 -14.4043 -4.0588 -29.2650 32.4384 -98.1725 28.2843 167.4092
25459 0.6611 0.2500 -0.7354 -1.9226 -21.1792 -2.7161 -29.2650 32.4384 -98.1725 28.2753 167.3775
25491 0.6948 0.2012 -0.7349 -7.4158 -19.5313 -4.6082 -29.6176 34.2013 -100.5587 28.2723 167.0446
25525 0.6826 0.1665 -0.7759 -5.4016 -13.5498 -2.4109 -29.6176 34.2013 -100.5587 28.2723 167.2507
25546 0.6958 0.1768 -0.7456 -4.2419 -10.3149 -3.6621 -29.6176 34.2013 -100.5587 28.2813 167.2507
25585 0.6709 0.2236 -0.7007 -6.3782 5.3101 -0.2747 -29.6176 34.2013 -100.5587 28.2873 167.2929
25618 0.6074 0.2344 -0.6626 -21.1792 7.6599 -11.2305 -29.7939 33.3198 -102.7744 28.2723 167.4805
25652 0.5718 0.2085 -0.5610 -37.0178 -0.1221 -21.2097 -29.7939 33.3198 -102.7744 28.2753 167.4092
25684 0.5117 0.1597 -0.5049 -42.4194 -16.5405 -29.6631 -29.7939 33.3198 -102.7744 28.2723 167.6126
25717 0.4702 0.1499 -0.4780 -41.5344 -35.1257 -35.2783 -29.7939 33.3198 -102.7744 28.2723 167.3220
25763 0.4399 0.1841 -0.6250 -35.8582 -89.9963 -47.7295 -33.8487 37.3746 -100.2178 28.2723 167.3643
25797 0.5254 0.1353 -0.6992 -40.0391 -112.7319 -74.8596 -33.8487 37.3746 -100.2178 28.2393 167.3220
25830 0.5498 0.1353 -0.9365 16.2354 -112.8540 -57.8918 -33.8487 37.3746 -100.2178 28.2573 167.2348
25864 0.6343 0.6509 -0.8652 10.1318 -71.6248 -18.0054 -35.7880 46.3657 -102.0926 28.2723 167.1053
25897 0.5884 0.2593 -0.9346 -57.3120 -42.4194 -109.6497 -35.7880 46.3657 -102.0926 28.2813 167.2057
25933 0.4805 0.1963 -0.8071 -21.4539 -12.4207 -102.8748 -35.7880 46.3657 -102.0926 28.2633 167.2929
25967 0.3389 0.3438 -0.7578 23.9563 16.9373 -101.0132 -35.7880 46.3657 -102.0926 28.2483 167.2348
26000 0.0923 0.4194 -0.9448 47.5769 5.5847 -95.2759 -36.1406 56.9434 -101.4109 28.2813 167.4488
26033 0.1216 0.6045 -0.9326 52.3071 -28.9001 -77.5146 -36.1406 56.9434 -101.4109 28.2543 167.2057
26065 -2.6772 4.8921 -0.7695 154.6326 234.5886 -486.0229 -36.1406 56.9434 -101.4109 28.2453 167.2454
26102 -0.0254 0.2993 -0.8672 -298.5535 -233.0322 -706.9397 -36.1406 70.3419 -100.0474 28.2423 167.2322
26137 -0.1997 0.5825 -0.7310 -42.7246 -190.3381 -41.2598 -36.1406 70.3419 -100.0474 28.2723 167.1608
26170 -0.2251 0.6641 -0.7788 -50.5981 -206.8481 -110.7788 -36.1406 70.3419 -100.0474 28.2393 167.2744
26203 -0.4155 0.4917 -0.6714 -32.3486 -184.8145 -103.4851 -36.1406 70.3419 -100.0474 28.2483 167.0763
26236 -0.4697 0.6074 -0.6670 -22.3389 -127.9907 -29.1748 -33.4961 89.2055 -83.8557 28.2543 167.2322
26274 -0.5903 0.5537 -0.5645 -30.7007 -126.1597 -97.5647 -33.4961 89.2055 -83.8557 28.2633 167.2322
26307 -0.5596 3.2754 -0.0181 -216.9495 -47.3328 -112.1216 -33.4961 89.2055 -83.8557 28.2693 167.1714
26340 -1.0122 0.5908 -1.5083 -378.5706 675.8423 212.1277 -33.4961 89.2055 -83.8557 28.2334 167.1714
26373 -0.6519 -0.7925 -2.5903 -65.7654 234.4360 89.9353 -41.2531 81.8011 -76.3564 28.2393 167.1582
26406 -0.2090 1.7334 -0.2046 51.9104 285.4614 19.2261 -41.2531 81.8011 -76.3564 28.2244 167.3590
26443 -0.3511 0.7651 -0.5024 -36.2854 228.6682 -95.7642 -41.2531 81.8011 -76.3564 28.2274 167.4620
26476 -0.2954 0.9536 -0.3306 -24.2310 201.2939 24.1394 -41.2531 81.8011 -76.3564 28.2363 167.4620
26509 -0.3809 0.9751 -0.5127 -17.6086 123.1079 27.1912 -42.6635 70.1656 -84.8783 28.2483 167.4753
26543 0.0083 0.9326 -0.3418 -13.7634 26.6418 46.2036 -42.6635 70.1656 -84.8783 28.2453 167.0419
26575 0.0801 0.9854 -0.2837 -27.2217 46.4172 10.7422 -42.6635 70.1656 -84.8783 28.2244 167.1000
26611 0.0732 0.8530 -0.3501 10.0098 59.1125 62.6831 -45.3079 64.3478 -86.0714 28.2453 167.1714
26645 0.0098 0.6938 -0.1509 10.7117 41.7786 62.2253 -45.3079 64.3478 -86.0714 28.2423 166.9996
26678 0.0205 0.8535 -0.2231 -7.6904 36.4990 39.5813 -45.3079 64.3478 -86.0714 28.2154 167.1000
26710 0.1206 0.8384 -0.2881 12.7258 -14.8926 97.7478 -45.3079 64.3478 -86.0714 28.2423 167.0868
26742 0.0835 0.2510 -1.7397 -122.8333 -4.1199 21.0571 -46.0131 59.0590 -87.0940 28.2393 167.1000
26776 1.3984 0.7720 -0.2104 -4.8218 -166.7786 4.5776 -46.0131 59.0590 -87.0940 28.2453 167.2454
26812 0.7119 0.7974 -0.5972 -103.6987 31.9214 -171.9971 -46.0131 59.0590 -87.0940 28.2423 167.2031
26845 0.2153 0.9570 -0.4976 -7.2937 87.5854 -19.7754 -46.0131 59.0590 -87.0940 28.2393 167.1000
26877 0.0220 0.3677 -0.8813 -1.8921 239.4104 109.7717 -45.4842 63.1138 -82.4922 28.2513 167.0419
26911 0.0557 1.1724 -0.4536 42.5720 12.6648 13.3362 -45.4842 63.1138 -82.4922 28.2633 166.9547
26944 0.2754 0.7563 -0.4692 51.1169 9.1248 81.9702 -45.4842 63.1138 -82.4922 28.2633 166.8543
26980 0.4219 0.9253 -0.2349 71.3501 6.5002 134.6436 -45.1316 54.6516 -85.2192 28.2304 167.3194
27034 0.1934 0.2993 -1.2051 26.1536 -24.7192 -24.9634 -45.1316 54.6516 -85.2192 28.2663 167.3035
27067 0.7134 0.1729 -0.1680 232.0862 -89.0808 214.3555 -45.1316 54.6516 -85.2192 28.2304 167.0868
27100 0.6675 1.0034 -0.6948 66.5588 5.4321 -23.9563 -45.1316 54.6516 -85.2192 28.2334 167.1291
27132 -0.0830 0.9961 -0.2783 95.4895 65.9485 106.1096 -41.2531 52.5360 -95.1046 28.2543 166.9124
27170 0.3369 0.5830 -0.7056 45.3796 -17.0288 -112.6099 -41.2531 52.5360 -95.1046 28.2513 167.2612
27203 0.4609 1.0620 -0.3770 127.5330 13.7329 89.8438 -41.2531 52.5360 -95.1046 28.2363 167.3326
27235 0.7266 1.3301 -0.1494 38.4216 120.8191 82.2449 -34.0250 49.1864 -100.3882 28.2363 167.2744
27269 -0.0293 1.2803 -0.8555 -100.4639 130.7373 -88.3179 -34.0250 49.1864 -100.3882 28.2513 167.0578
27302 -0.3721 0.6587 -0.8618 -85.9680 -165.2832 93.4753 -34.0250 49.1864 -100.3882 28.2693 167.0868
27338 0.7910 0.3008 -0.6230 -124.7864 -224.1821 -51.3306 -34.0250 49.1864 -100.3882 28.2663 167.0578
27372 1.1138 -0.1558 -0.8857 -62.5610 -83.8928 59.7534 -40.0191 52.0071 -92.8889 28.2423 167.0868
27406 0.8398 0.6416 -0.3721 1.5564 96.3135 -35.3394 -40.0191 52.0071 -92.8889 28.2453 166.9838
27438 0.1953 0.5522 -0.8013 64.2395 132.4463 82.7332 -40.0191 52.0071 -92.8889 28.2423 167.1714
27470 0.4331 1.0791 -0.6611 49.4995 76.7822 99.0601 -40.0191 52.0071 -92.8889 28.2633 167.0287
27506 0.5322 0.9746 -0.3999 75.9888 62.7136 148.4985 -37.1983 45.6605 -96.9795 28.2483 167.1582
27540 0.0513 0.8066 -0.7300 29.3579 69.7327 194.3054 -37.1983 45.6605 -96.9795 28.2543 166.9891
27573 0.6758 0.8330 -0.8853 -99.6704 -87.1887 30.7922 -37.1983 45.6605 -96.9795 28.2304 166.9891
27606 0.7515 0.2891 -1.0874 -175.3540 -163.7878 -36.1938 -37.1983 45.6605 -96.9795 28.2513 167.3748
27638 1.0566 0.0337 -0.5654 -94.4214 -139.2822 -32.7148 -36.6694 40.5479 -94.7638 28.2633 166.9996
27676 1.0918 0.1719 -0.6421 6.2561 -6.1035 41.4429 -36.6694 40.5479 -94.7638 28.2603 166.9996
27709 0.5640 0.5049 -0.6860 14.4043 23.7122 -36.1328 -36.6694 40.5479 -94.7638 28.2513 166.9706
27741 -1.2109 2.6470 0.0249 203.4607 102.6917 729.9500 -35.6117 38.7850 -95.4455 28.2423 167.0736
27776 0.5630 0.4854 -0.3247 -126.5259 -177.6123 -372.5281 -35.6117 38.7850 -95.4455 28.2543 167.1872
27808 0.6152 0.5322 -0.5220 14.3433 21.1792 -35.8582 -35.6117 38.7850 -95.4455 28.2753 166.9257
27841 0.7573 0.5649 -0.5215 -10.7117 -3.2349 -102.2949 -35.6117 38.7850 -95.4455 28.2334 167.2031
27877 0.4497 0.4849 -0.6216 34.0881 99.9756 62.4084 -40.1954 45.8368 -95.7864 28.2453 167.1159
27911 0.4243 0.8125 -0.3799 39.0320 17.5476 -54.7485 -40.1954 45.8368 -95.7864 28.2274 166.9257
27943 0.1670 0.4614 -1.0864 28.5339 84.6252 117.1570 -40.1954 45.8368 -95.7864 28.2363 166.9442
27976 0.7065 0.5762 -0.5024 3.1738 2.0142 29.6936 -40.1954 45.8368 -95.7864 28.2393 167.1159
28008 0.6299 0.4097 -0.6646 -21.2097 17.7612 18.7073 -36.6694 38.4324 -97.1499 28.2693 167.0868
28046 0.6196 0.5161 -0.5591 -13.7634 24.4446 6.8359 -36.6694 38.4324 -97.1499 28.2513 167.0895
28078 0.7056 0.4150 -0.6621 -14.3433 -2.4414 28.5645 -36.6694 38.4324 -97.1499 28.2363 167.0868
28110 0.7002 0.4111 -0.5615 -10.7117 2.2888 6.7139 -36.6694 38.4324 -97.1499 28.2543 167.3220
28143 0.6528 0.4653 -0.5610 -7.5989 3.9673 11.3525 -37.3746 36.6694 -94.7638 28.2573 167.1608
28177 0.7539 0.4854 -0.6069 -8.2703 -1.4038 5.5542 -37.3746 36.6694 -94.7638 28.2693 167.2322
28213 0.6675 0.5044 -0.5776 -9.9487 0.9155 -7.6904 -37.3746 36.6694 -94.7638 28.2423 167.2612
28244 0.7002 0.4058 -0.5786 -5.8289 -0.5493 8.1177 -35.7880 34.7302 -93.5707 28.2573 167.2612
28278 0.7324 0.4204 -0.5601 -2.6245 1.9531 -5.3101 -35.7880 34.7302 -93.5707 28.2603 167.0895
28311 0.6660 0.4956 -0.5732 -0.7019 -2.4414 -12.3596 -35.7880 34.7302 -93.5707 28.2334 167.0446
28343 0.7373 0.4111 -0.5625 8.6060 4.3640 12.2375 -35.7880 34.7302 -93.5707 28.2633 167.1608
28379 0.7236 0.4253 -0.5703 -1.2207 0.3967 -1.3428 -35.9643 35.2591 -95.4455 28.2573 166.9600
28412 0.7158 0.4341 -0.5796 0.0305 -0.4272 3.4485 -35.9643 35.2591 -95.4455 28.2603 167.1899
28445 0.7090 0.4409 -0.5801 -0.4272 -0.2136 -0.0610 -35.9643 35.2591 -95.4455 28.2453 167.0895
28477 0.7109 0.4365 -0.5732 -0.1831 -0.1526 1.0071 -35.9643 35.2591 -95.4455 28.2543 167.2322
28510 0.7114 0.4360 -0.5767 -0.2747 -0.1526 0.4272 -35.9643 35.6117 -94.0820 28.2483 167.1291
28544 0.7144 0.4331 -0.5781 -0.0610 -0.0916 1.5259 -35.9643 35.6117 -94.0820 28.2423 166.9838
28579 0.7124 0.4336 -0.5786 -0.3052 -0.1831 0.5798 -35.9643 35.6117 -94.0820 28.2513 167.1027
28611 0.7148 0.4355 -0.5757 -0.2136 -0.0610 1.2817 -35.9643 35.6117 -94.0820 28.2843 167.1185
28644 0.7134 0.4321 -0.5747 -0.3357 -0.0916 0.7324 -35.4354 35.0828 -94.5933 28.2603 167.0763
28677 0.7144 0.4302 -0.5752 -0.2441 -0.1526 0.6714 -35.4354 35.0828 -94.5933 28.2573 167.1053
28709 0.7158 0.4287 -0.5796 -0.3052 -0.1221 0.8850 -35.4354 35.0828 -94.5933 28.2483 167.0868
28745 0.7144 0.4302 -0.5757 -0.3357 -0.1526 0.5188 -34.7302 34.3776 -95.6160 28.2483 167.4171
28779 0.7153 0.4272 -0.5752 -0.2441 -0.1831 0.9460 -34.7302 34.3776 -95.6160 28.2843 167.1053
28812 0.7153 0.4287 -0.5742 -0.3052 -0.0305 0.7324 -34.7302 34.3776 -95.6160 28.2513 167.1053
28844 0.7148 0.4272 -0.5811 -0.3967 -0.0610 0.8850 -34.7302 34.3776 -95.6160 28.2543 166.9442
28876 0.7163 0.4287 -0.5762 -0.3967 0.0000 0.4883 -35.4354 34.0250 -95.2751 28.2543 166.9891
28913 0.7188 0.4258 -0.5767 -0.3052 0.0000 1.0986 -35.4354 34.0250 -95.2751 28.2783 167.0763
28945 0.7168 0.4263 -0.5762 -0.5798 -0.2441 -0.2441 -35.4354 34.0250 -95.2751 28.2663 167.2031
28998 0.7173 0.4248 -0.5786 -0.2441 -0.0916 1.0681 -35.2591 33.4961 -95.1046 28.2633 167.0736
29032 0.7153 0.4268 -0.5801 -0.3662 -0.1221 0.4578 -35.2591 33.4961 -95.1046 28.2393 167.2189
29065 0.7188 0.4272 -0.5806 -0.1831 -0.0305 1.0986 -35.2591 33.4961 -95.1046 28.2483 167.1767
29097 0.7178 0.4248 -0.5811 -0.3052 -0.2136 0.8545 -35.2591 33.4961 -95.1046 28.2513 167.1899
29133 0.7188 0.4248 -0.5762 -0.2747 0.0305 0.7019 -36.4931 35.4354 -95.9568 28.2663 166.9442
29166 0.7197 0.4229 -0.5801 -0.2747 -0.0305 0.8545 -36.4931 35.4354 -95.9568 28.2663 166.9442
29199 0.7192 0.4219 -0.5796 -0.3967 -0.0610 0.4883 -36.4931 35.4354 -95.9568 28.2813 167.2744
29232 0.7202 0.4185 -0.5767 -0.2136 -0.0305 0.9766 -36.4931 35.4354 -95.9568 28.2304 166.8438
29263 0.7178 0.4214 -0.5757 -0.4272 -0.1221 -0.0610 -34.0250 34.3776 -95.9568 28.2753 167.1053
29301 0.7246 0.4194 -0.5747 -0.3662 -0.0916 0.5493 -34.0250 34.3776 -95.9568 28.2513 167.3801
29333 0.7178 0.4224 -0.5771 -0.4578 -0.0305 0.1221 -34.0250 34.3776 -95.9568 28.2483 167.2031
29366 0.7202 0.4194 -0.5776 -0.2441 -0.0610 0.8850 -34.0250 34.3776 -95.9568 28.2633 167.1476
29398 0.7212 0.4185 -0.5762 -0.4272 -0.1526 0.1831 -34.9065 34.2013 -93.7411 28.2723 167.1476
29431 0.7202 0.4185 -0.5771 -0.3052 -0.0916 0.6409 -34.9065 34.2013 -93.7411 28.2423 167.2797
29467 0.7212 0.4170 -0.5801 -0.2747 -0.1526 0.6104 -34.9065 34.2013 -93.7411 28.2483 167.0023
29499 0.7202 0.4185 -0.5767 -0.3662 -0.1221 0.3662 -34.5539 33.1435 -93.0594 28.2483 167.1635
29533 0.7241 0.4146 -0.5776 -0.2441 -0.0305 0.8850 -34.5539 33.1435 -93.0594 28.2573 167.3511
29565 0.7231 0.4175 -0.5776 -0.2747 -0.0305 0.6714 -34.5539 33.1435 -93.0594 28.2693 167.2639
29597 0.7222 0.4160 -0.5815 -0.2747 -0.1221 0.4578 -34.5539 33.1435 -93.0594 28.2573 167.2797
29630 0.7217 0.4199 -0.5767 0.5188 0.1221 3.0518 -35.7880 33.3198 -96.9795 28.2633 167.2480
29667 0.7266 0.4097 -0.5762 -0.0916 -0.1221 1.5869 -35.7880 33.3198 -96.9795 28.2483 167.3194
29699 0.7217 0.4141 -0.5806 -0.3967 0.3662 -1.2817 -35.7880 33.3198 -96.9795 28.2423 167.2348
29731 0.7075 0.4287 -0.5703 7.2021 0.2747 6.5002 -35.7880 33.3198 -96.9795 28.2573 167.2348
29763 0.7412 0.3438 -0.5464 -15.8081 18.0969 -3.9673 -34.0250 34.3776 -94.9342 28.2603 167.5545
29797 0.7397 0.3726 -0.5986 -0.0916 1.4648 2.7161 -34.0250 34.3776 -94.9342 28.2783 167.3088
29833 0.8071 0.3193 -0.6050 2.5635 -2.1362 29.6021 -34.0250 34.3776 -94.9342 28.2543 167.1767
29865 0.7402 0.3931 -0.5737 -2.2583 -1.9836 -6.6223 -34.0250 34.3776 -94.9342 28.2453 167.0446
29898 0.7324 0.3994 -0.5732 0.4272 0.7019 3.8452 -34.7302 31.9095 -93.2298 28.2693 166.9891
29931 0.7373 0.3960 -0.5703 -0.8850 -0.2747 -2.9602 -34.7302 31.9095 -93.2298 28.2513 167.0023
29964 0.7378 0.3931 -0.5767 -0.0610 0.2136 1.2817 -34.7302 31.9095 -93.2298 28.2723 167.2639
29996 0.7407 0.3936 -0.5767 -0.5188 -0.2747 -0.8545 -34.7302 31.9095 -93.2298 28.2483 167.1344
30032 0.7407 0.3940 -0.5703 -0.2747 0.1221 0.8850 -33.8487 32.7909 -95.4455 28.2693 167.0023
30065 0.7378 0.3921 -0.5737 -0.3662 -0.0305 0.2747 -33.8487 32.7909 -95.4455 28.2813 166.9151
30098 0.7378 0.3926 -0.5757 -0.4578 -0.2747 -0.2747 -33.8487 32.7909 -95.4455 28.2363 166.9442
30131 0.7412 0.3911 -0.5728 -0.3357 -0.0305 0.7629 -34.7302 32.9672 -94.9342 28.2573 167.1344
30163 0.7397 0.3911 -0.5762 -0.4578 -0.0916 0.0916 -34.7302 32.9672 -94.9342 28.2813 167.2189
30199 0.7378 0.3911 -0.5728 -0.4883 -0.1526 0.1831 -34.7302 32.9672 -94.9342 28.2603 167.0604
30232 0.7417 0.3877 -0.5723 -0.3357 0.0305 1.0681 -34.7302 32.9672 -94.9342 28.2663 167.3326
30264 0.7378 0.3926 -0.5752 -0.6104 -0.1221 -0.5493 -32.0858 32.0858 -93.4003 28.2513 167.3907
30298 0.7412 0.3896 -0.5723 -0.2441 0.0610 1.0376 -32.0858 32.0858 -93.4003 28.2753 167.3907
30330 0.7427 0.3882 -0.5767 -0.5493 -0.1831 -0.0916 -32.0858 32.0858 -93.4003 28.2304 167.2057
30366 0.7383 0.3896 -0.5752 -0.4578 0.0000 0.1221 -32.0858 32.0858 -93.4003 28.2633 166.9891
30398 0.7422 0.3887 -0.5732 -0.3967 -0.0305 0.7019 -32.6147 33.6724 -94.2524 28.2693 167.2639
30432 0.7402 0.3887 -0.5737 -0.6104 -0.1221 -0.4883 -32.6147 33.6724 -94.2524 28.2693 166.9706
30465 0.7393 0.3896 -0.5718 -0.3357 -0.0610 0.5798 -32.6147 33.6724 -94.2524 28.2573 167.1767
30496 0.7422 0.3872 -0.5737 -0.3967 0.0000 0.2136 -32.6147 33.6724 -94.2524 28.2423 166.9600
30529 0.7407 0.3872 -0.5747 -0.5188 -0.1831 -0.2441 -35.6117 33.1435 -94.0820 28.2783 167.2797
30566 0.7422 0.3892 -0.5723 -0.3662 0.0305 0.6409 -35.6117 33.1435 -94.0820 28.2693 167.2507
30598 0.7432 0.3872 -0.5732 -0.4272 -0.1221 -0.1831 -35.6117 33.1435 -94.0820 28.2453 167.4673
30630 0.7407 0.3838 -0.5767 -0.3967 -0.2441 0.3967 -35.6117 33.1435 -94.0820 28.2573 167.1899
30663 0.7412 0.3872 -0.5732 -0.2747 -0.2136 0.7019 -35.0828 32.2621 -93.2298 28.2573 167.1476
30696 0.7451 0.3789 -0.5781 0.0610 0.2136 2.6245 -35.0828 32.2621 -93.2298 28.2723 167.0446
30732 0.7397 0.3872 -0.5752 -0.6104 -0.2441 -1.6174 -35.0828 32.2621 -93.2298 28.2573 167.0736
30765 0.7446 0.3813 -0.5718 -0.4578 -0.0916 0.1831 -33.1435 31.3806 -95.1046 28.2753 167.1476
30798 0.7402 0.3872 -0.5732 -0.4272 -0.1221 -0.0610 -33.1435 31.3806 -95.1046 28.2843 167.2480
30830 0.7446 0.3843 -0.5747 -0.4883 -0.2441 -0.7324 -33.1435 31.3806 -95.1046 28.2963 167.2480
30863 0.7417 0.3833 -0.5757 -0.4883 0.0305 0.6409 -33.1435 31.3806 -95.1046 28.2603 167.5360
30899 0.7412 0.3843 -0.5708 -0.4272 -0.0916 0.2441 -34.5539 31.7332 -93.4003 28.2753 167.2797
30958 0.7437 0.3843 -0.5757 -0.4578 0.0610 0.4883 -34.5539 31.7332 -93.4003 28.2783 167.2639
30991 0.7446 0.3823 -0.5786 -0.4578 -0.2441 -0.2747 -34.5539 31.7332 -93.4003 28.2543 167.1027
31024 0.7402 0.3853 -0.5698 -0.3967 -0.0916 0.5188 -34.2013 32.0858 -95.1046 28.2573 167.1185
31056 0.7466 0.3828 -0.5737 -0.6104 -0.1831 -0.3662 -34.2013 32.0858 -95.1046 28.2663 167.0446
31089 0.7437 0.3838 -0.5742 -0.4883 -0.0916 -0.1831 -34.2013 32.0858 -95.1046 28.2693 167.3378
31125 0.7441 0.3809 -0.5742 -0.4578 -0.1526 0.0000 -34.2013 32.0858 -95.1046 28.2573 167.3088
31158 0.7451 0.3804 -0.5737 -0.5188 0.0610 0.0000 -33.3198 32.6147 -95.2751 28.2573 167.1317
31191 0.7422 0.3823 -0.5747 -0.3357 -0.0305 0.1526 -33.3198 32.6147 -95.2751 28.2783 167.2057
31223 0.7456 0.3813 -0.5742 -0.3967 -0.1831 0.2136 -33.3198 32.6147 -95.2751 28.2693 167.1027
31255 0.7437 0.3823 -0.5757 -0.4578 -0.0610 0.0000 -33.3198 32.6147 -95.2751 28.2753 167.1027
31291 0.7461 0.3799 -0.5757 -0.4883 -0.2136 -0.0916 -34.5539 31.7332 -95.1046 28.2573 166.9996
31325 0.7437 0.3809 -0.5723 -0.4272 -0.1221 0.1831 -34.5539 31.7332 -95.1046 28.2783 166.9996
31357 0.7476 0.3799 -0.5747 -0.3967 -0.1831 0.0610 -34.5539 31.7332 -95.1046 28.2603 167.3088
31389 0.7441 0.3779 -0.5723 -0.5493 -0.0916 -0.1221 -34.0250 31.5569 -93.9116 28.2693 167.0155
31423 0.7432 0.3809 -0.5723 -0.4272 -0.0305 0.0610 -34.0250 31.5569 -93.9116 28.2903 166.9706
31468 0.7456 0.3813 -0.5737 -0.3662 -0.1221 -0.2441 -34.0250 31.5569 -93.9116 28.2693 167.1027
31501 0.7422 0.3843 -0.5742 -0.7629 -0.0610 -2.2278 -34.0250 31.5569 -93.9116 28.2603 167.2189
31533 0.7461 0.3779 -0.5791 0.8850 -0.0305 4.6692 -32.7909 33.4961 -96.4681 28.2753 166.7988
31566 0.7437 0.3833 -0.5732 -1.4648 -0.7935 -7.4463 -32.7909 33.4961 -96.4681 28.2723 166.6984
31599 0.7515 0.3789 -0.5708 0.6409 0.9766 6.5002 -32.7909 33.4961 -96.4681 28.2573 166.7724
31644 0.7412 0.3804 -0.5771 -0.3967 0.4272 2.8687 -34.7302 31.2043 -94.5933 28.2933 166.9706
31678 0.7432 0.3760 -0.5791 -0.4578 -0.7324 -2.2888 -34.7302 31.2043 -94.5933 28.2573 166.8569
31711 0.7515 0.3765 -0.5742 -0.6714 0.0610 0.1831 -34.7302 31.2043 -94.5933 28.2603 166.8992
31742 0.7427 0.3789 -0.5801 -0.1221 0.2441 1.8921 -34.7302 31.2043 -94.5933 28.2573 166.9442
31775 0.7476 0.3745 -0.5747 -0.4883 -0.4578 -1.4038 -34.3776 33.6724 -95.2751 28.2813 166.6561
31809 0.7456 0.3818 -0.5718 -0.2747 -0.0916 0.0916 -34.3776 33.6724 -95.2751 28.2903 166.9151
31845 0.7476 0.3765 -0.5728 -0.5798 -0.0610 -0.7629 -34.3776 33.6724 -95.2751 28.2483 166.8834
31877 0.7456 0.3745 -0.5752 -0.1831 -0.3052 0.6104 -34.3776 33.6724 -95.2751 28.2603 166.9864
31909 0.7476 0.3770 -0.5728 -0.8545 -0.1831 -1.7700 -34.0250 32.6147 -94.2524 28.2723 167.1740
31943 0.7500 0.3745 -0.5723 -0.0610 0.0305 2.1362 -34.0250 32.6147 -94.2524 28.2783 167.2507
31975 0.7461 0.3755 -0.5742 -0.7324 -0.4272 -1.7395 -34.0250 32.6147 -94.2524 28.2603 167.1027
32012 0.7480 0.3745 -0.5742 -0.4272 -0.3357 -0.0305 -34.0250 32.6147 -94.2524 28.2693 167.0604
32044 0.7476 0.3750 -0.5752 -0.3662 0.0610 0.9460 -33.8487 31.3806 -93.4003 28.2663 166.8569
32077 0.7441 0.3730 -0.5762 -0.6409 -0.2441 -1.4038 -33.8487 31.3806 -93.4003 28.2723 167.0895
32109 0.7485 0.3760 -0.5742 -0.3662 0.0610 0.6104 -33.8487 31.3806 -93.4003 28.2723 167.0155
32142 0.7471 0.3750 -0.5728 -0.4883 0.0000 -0.1221 -33.8487 31.3806 -93.4003 28.2633 167.2507
32178 0.7446 0.3750 -0.5747 -0.5493 -0.1526 -0.3967 -33.1435 32.0858 -95.1046 28.2603 167.1027
32211 0.7476 0.3716 -0.5742 -0.2136 0.0916 0.7629 -33.1435 32.0858 -95.1046 28.2543 167.1027
32243 0.7490 0.3740 -0.5747 -0.6714 -0.0610 -0.8545 -33.1435 32.0858 -95.1046 28.2723 167.3775
32276 0.7471 0.3735 -0.5728 -0.2747 -0.0610 0.4883 -34.3776 30.8517 -94.9342 28.2813 167.1608
32310 0.7490 0.3716 -0.5732 -0.4272 -0.0916 -0.0305 -34.3776 30.8517 -94.9342 28.2663 167.1899
32342 0.7471 0.3726 -0.5752 -0.5493 -0.0610 -0.2441 -34.3776 30.8517 -94.9342 28.2603 167.1027
32378 0.7480 0.3740 -0.5771 -0.3357 -0.0305 0.4272 -34.3776 30.8517 -94.9342 28.2843 167.0446
32410 0.7485 0.3735 -0.5742 -0.4272 -0.1526 0.1526 -34.7302 32.9672 -95.2751 28.2783 167.1185
32444 0.7476 0.3735 -0.5742 -0.4883 0.0305 0.0610 -34.7302 32.9672 -95.2751 28.2783 166.9283
32476 0.7490 0.3716 -0.5718 -0.3967 -0.1526 0.1221 -34.7302 32.9672 -95.2751 28.2453 167.0155
32508 0.7480 0.3721 -0.5747 -0.5188 -0.1831 -0.2747 -34.7302 32.9672 -95.2751 28.2603 166.9996
32544 0.7480 0.3716 -0.5752 -0.3967 -0.1221 0.1831 -32.9672 32.9672 -94.5933 28.2813 167.2057
32578 0.7495 0.3730 -0.5757 -0.3967 -0.1221 -0.0610 -32.9672 32.9672 -94.5933 28.2633 167.0763
32611 0.7495 0.3706 -0.5757 -0.4578 -0.0916 0.1831 -32.9672 32.9672 -94.5933 28.2753 167.1027
32643 0.7466 0.3716 -0.5737 -0.6409 -0.0916 -0.2747 -32.9672 32.9672 -94.5933 28.2663 167.0763
32675 0.7490 0.3711 -0.5771 -0.3052 -0.0916 0.5798 -34.0250 32.2621 -94.5933 28.2753 166.9891
32712 0.7485 0.3706 -0.5742 -0.6104 -0.2747 -0.6714 -34.0250 32.2621 -94.5933 28.2663 167.2189
32745 0.7500 0.3687 -0.5762 -0.3052 -0.1221 0.6409 -34.0250 32.2621 -94.5933 28.2483 167.2057
32777 0.7495 0.3677 -0.5757 -0.5493 -0.1526 -0.2441 -33.4961 31.7332 -95.1046 28.2513 167.2189
32811 0.7505 0.3696 -0.5762 -0.4272 -0.0305 0.1221 -33.4961 31.7332 -95.1046 28.2963 167.5096
32843 0.7495 0.3696 -0.5757 -0.4883 -0.0916 0.1526 -33.4961 31.7332 -95.1046 28.2633 166.9759
32876 0.7490 0.3701 -0.5732 -0.4578 -0.0610 -0.0305 -33.4961 31.7332 -95.1046 28.2573 167.0181
32924 0.7490 0.3672 -0.5737 -0.4578 -0.0305 0.1831 -33.6724 31.9095 -94.5933 28.2753 167.1027
32969 0.7510 0.3691 -0.5742 -0.4272 -0.0305 -0.2441 -33.6724 31.9095 -94.5933 28.2903 167.1027
33002 0.7510 0.3677 -0.5762 -0.3967 -0.1221 0.3052 -33.6724 31.9095 -94.5933 28.2633 167.1053
33035 0.7529 0.3691 -0.5752 -0.4883 -0.1526 -0.1831 -32.9672 30.1465 -94.9342 28.2753 167.0604
33068 0.7490 0.3677 -0.5762 -0.4578 -0.0610 0.0610 -32.9672 30.1465 -94.9342 28.2933 167.2771
33104 0.7510 0.3667 -0.5762 -0.4272 -0.1221 0.0916 -32.9672 30.1465 -94.9342 28.2693 167.1767
33136 0.7515 0.3672 -0.5767 -0.5493 -0.1221 -0.0916 -32.9672 30.1465 -94.9342 28.2633 167.1635
33169 0.7500 0.3682 -0.5757 -0.3662 -0.1831 0.2441 -34.2013 31.0280 -94.4229 28.2603 167.2084
33202 0.7515 0.3667 -0.5752 -0.4578 -0.2136 -0.0610 -34.2013 31.0280 -94.4229 28.2903 167.2084
33234 0.7495 0.3677 -0.5762 -0.4578 -0.1221 -0.1831 -34.2013 31.0280 -94.4229 28.2843 167.3378
33270 0.7495 0.3672 -0.5776 -0.3357 -0.1831 0.3662 -34.2013 31.0280 -94.4229 28.2783 166.9177
33303 0.7495 0.3652 -0.5728 -0.6104 -0.2441 -0.5798 -33.4961 30.3228 -94.7638 28.2873 167.2612
33337 0.7505 0.3657 -0.5742 -0.3967 -0.0305 0.5188 -33.4961 30.3228 -94.7638 28.2992 167.0181
33369 0.7510 0.3638 -0.5737 -0.4883 -0.1221 -0.4578 -33.4961 30.3228 -94.7638 28.2843 167.1317
33401 0.7505 0.3657 -0.5762 -0.5188 -0.1221 0.0000 -33.8487 32.0858 -95.1046 28.2633 167.0472
33435 0.7524 0.3638 -0.5767 -0.3662 -0.0916 0.2136 -33.8487 32.0858 -95.1046 28.2693 167.0340
33471 0.7490 0.3672 -0.5781 -0.5188 -0.1831 -0.3052 -33.8487 32.0858 -95.1046 28.2693 167.0498
33503 0.7495 0.3657 -0.5801 -0.3967 -0.0610 0.2136 -33.8487 32.0858 -95.1046 28.2363 166.7433
33536 0.7515 0.3638 -0.5747 -0.4272 -0.1831 0.2136 -33.1435 31.7332 -95.4455 28.2663 166.8887
33569 0.7515 0.3643 -0.5747 -0.5798 -0.0610 -0.6409 -33.1435 31.7332 -95.4455 28.2723 166.8305
33601 0.7520 0.3652 -0.5757 -0.3357 -0.0305 0.7629 -33.1435 31.7332 -95.4455 28.2813 166.8015
33637 0.7529 0.3628 -0.5781 -0.5798 -0.2136 -0.5798 -33.1435 31.7332 -95.4455 28.2783 166.8755
33670 0.7524 0.3652 -0.5737 -0.5188 -0.0916 -0.0305 -32.2621 31.9095 -94.2524 28.2693 167.0630
33703 0.7515 0.3628 -0.5747 -0.5188 -0.1221 0.2441 -32.2621 31.9095 -94.2524 28.2783 166.8887
33735 0.7500 0.3638 -0.5767 -0.5798 -0.1221 -0.7629 -32.2621 31.9095 -94.2524 28.2573 166.8015
33768 0.7539 0.3633 -0.5791 -0.3357 -0.0916 0.9460 -32.2621 31.9095 -94.2524 28.2663 166.8015
33804 0.7524 0.3633 -0.5752 -0.6409 -0.0916 -0.9766 -33.3198 32.2621 -95.6160 28.2603 166.8887
33838 0.7505 0.3633 -0.5737 -0.2747 -0.1526 0.9460 -33.3198 32.2621 -95.6160 28.2723 166.8887
33870 0.7539 0.3608 -0.5791 -0.5493 -0.1526 -0.5493 -33.3198 32.2621 -95.6160 28.2633 166.9309
33902 0.7510 0.3633 -0.5796 -0.6409 -0.0916 -0.7019 -33.3198 32.2621 -95.6160 28.2963 167.0604
33935 0.7554 0.3599 -0.5747 -0.2136 -0.0610 1.3123 -33.4961 32.0858 -93.7411 28.2783 167.2507
33969 0.7520 0.3599 -0.5776 -0.6409 -0.2441 -1.0986 -33.4961 32.0858 -93.7411 28.2783 166.7724
34004 0.7539 0.3613 -0.5767 -0.3052 -0.0610 0.5798 -33.4961 32.0858 -93.7411 28.2603 167.0498
34037 0.7549 0.3594 -0.5742 -0.3052 -0.1526 0.5188 -32.4384 32.4384 -93.7411 28.2843 167.0313
34070 0.7529 0.3613 -0.5762 -0.6714 -0.2747 -1.2207 -32.4384 32.4384 -93.7411 28.2873 167.0630