812 0.0674 0.0518 0.9048 -8.3008 8.7891 -3.3569 16.2192 55.3568 -20.7935 26.4003
892 -0.0132 0.0762 1.0073 4.5776 -0.1831 -5.0659 16.2192 55.3568 -20.7935 26.4153
972 -0.0015 0.0952 1.0273 -1.5869 8.2397 0.9155 16.5718 55.3568 -21.1344 26.4003
1052 -0.0439 0.0337 0.9902 0.7324 -11.9629 -4.5776 16.9244 55.7094 -20.7935 26.3793
1132 0.0303 0.0483 0.9595 -3.6621 -0.4272 -2.9907 16.9244 55.7094 -20.7935 26.4153
1212 -0.0537 0.0215 0.9531 0.1831 10.9863 -6.8359 17.2770 56.4145 -20.4526 26.4093
1292 -0.0039 0.0757 0.9824 -2.7466 7.3853 -5.8594 17.2770 56.4145 -20.4526 26.4153
1372 -0.0552 0.0547 1.0327 1.8921 7.0801 1.4648 16.7481 56.9434 -20.6231 26.4153
1452 -0.0278 0.0645 0.9956 -2.9907 7.5684 -1.0986 16.9244 57.8249 -21.4752 26.4213
1532 -0.0806 0.0513 0.9805 0.5493 1.7090 -3.4790 16.9244 57.8249 -21.4752 26.4213
1612 -0.0586 0.0303 0.9663 -6.5918 1.3428 -3.6011 16.9244 59.2353 -20.4526 26.4153
1692 -0.0962 0.0698 1.0444 1.7700 0.4883 -5.0049 16.2192 59.2353 -21.8161 26.4303
1772 -0.0317 0.0728 0.9863 -6.1646 9.3994 -1.7090 16.2192 59.2353 -21.8161 26.4303
1852 -0.0850 0.0703 0.9814 -0.5493 3.5400 -0.6104 17.6295 58.8827 -21.1344 26.4183
1932 -0.0747 0.0381 0.9741 -2.1973 2.9297 -1.3428 17.6295 58.8827 -21.1344 26.4123
2012 -0.0903 0.0479 0.9824 -0.6104 3.5400 0.3052 17.4532 59.7641 -21.9866 26.4333
2092 -0.1025 0.0479 0.9795 0.0610 1.6479 -0.1831 17.2770 60.6456 -21.8161 26.4392
2172 -0.0967 0.0708 0.9932 1.0376 1.4648 -0.8545 17.2770 60.6456 -21.8161 26.4213
2252 -0.1006 0.0503 0.9810 -0.7935 -0.6714 -1.4038 17.6295 59.5878 -20.7935 26.4273
2332 -0.0762 0.0542 0.9819 -0.7935 -1.5259 -0.9155 17.2770 60.2930 -21.8161 26.4243
2412 -0.1021 0.0483 0.9814 -2.2583 2.7466 -0.4272 17.2770 60.2930 -21.8161 26.4183
2492 -0.0884 0.0669 0.9893 -1.1597 -0.9766 -1.7090 15.8666 60.2930 -21.8161 26.4183
2572 -0.1099 0.0532 0.9893 -1.2817 -1.2817 -2.7466 17.4532 59.7641 -23.0092 26.4303
2652 -0.1069 0.0371 0.9854 -2.0752 0.6714 -3.2349 17.4532 59.7641 -23.0092 26.4452
2732 -0.0630 0.0483 0.9736 -0.8545 -0.7935 -0.6104 19.0399 59.5878 -21.4752 26.4542
2812 -0.0825 0.0605 0.9858 3.4790 1.6479 3.2959 19.0399 59.5878 -21.4752 26.4422
2892 -0.1084 0.0620 0.9829 2.8076 1.4038 1.7090 17.1007 61.1745 -21.9866 26.4482
2972 -0.1221 0.0610 0.9790 0.6104 -0.7935 0.0610 17.8058 60.1167 -21.6457 26.4303
3052 -0.0972 0.0581 0.9854 2.0752 -1.9531 -1.5869 17.8058 60.1167 -21.6457 26.4333
3132 -0.0938 0.0630 0.9912 0.4272 0.9766 -0.6104 15.3377 61.1745 -20.9639 26.4512
3212 -0.0825 0.0737 0.9814 1.3428 0.9155 0.0000 17.2770 60.2930 -21.1344 26.4482
3292 -0.1011 0.0771 0.9873 3.2349 1.6479 1.8921 17.2770 60.2930 -21.1344 26.4303
3372 -0.1196 0.0869 0.9839 1.1597 3.9063 0.4272 15.8666 60.2930 -22.4979 26.4662
3452 -0.1084 0.0737 0.9810 -0.3052 -1.2207 -2.3193 15.8666 60.2930 -22.4979 26.4243
3532 -0.1089 0.0708 1.0010 1.7700 -3.2349 -2.2583 16.3955 61.5271 -20.9639 26.4303
3612 -0.1045 0.0884 0.9961 -0.9766 -0.7935 -1.3428 16.0429 61.1745 -21.3048 26.4452
3692 -0.1025 0.0796 0.9780 -2.6855 -1.4038 -3.1128 16.0429 61.1745 -21.3048 26.4362
3772 -0.0723 0.0776 0.9810 -1.5869 -1.8921 -2.5635 16.7481 60.1167 -19.9413 26.4662
3852 -0.0972 0.0718 0.9893 -2.3193 0.7935 -1.4038 16.3955 61.8797 -20.6231 26.4572
3932 -0.0933 0.0693 0.9868 -1.0376 0.6714 -1.0376 16.3955 61.8797 -20.6231 26.4452
4012 -0.1226 0.0610 0.9946 -2.1362 0.5493 -3.3569 17.4532 59.4116 -21.6457 26.4722
4092 -0.0981 0.0693 0.9819 -1.3428 0.4272 -1.4038 17.1007 60.4693 -21.6457 26.4662
4172 -0.0908 0.0562 0.9858 -0.1221 -2.4414 -2.6245 17.1007 60.4693 -21.6457 26.4572
4252 -0.0762 0.0586 0.9712 0.4272 2.6855 1.7090 17.4532 58.7064 -21.6457 26.4632
4332 -0.1069 0.0859 0.9844 2.6245 3.7842 3.4180 17.4532 58.7064 -21.6457 26.4482
4412 -0.1514 0.0684 0.9985 -1.2207 2.7466 -0.4883 15.6903 60.1167 -21.9866 26.4542
4492 -0.1108 0.0557 0.9712 -0.4883 -0.6104 -1.6479 17.4532 60.1167 -20.6231 26.4572
4572 -0.1025 0.0620 0.9766 1.7700 0.0000 -1.5259 17.4532 60.1167 -20.6231 26.4632
4652 -0.1196 0.0811 0.9888 0.2441 0.0610 -0.5493 15.6903 60.1167 -21.9866 26.4782
4732 -0.0972 0.0850 0.9795 1.2817 1.0986 1.4648 15.8666 61.3508 -20.4526 26.4632
4812 -0.1133 0.0874 0.9834 3.6621 1.7700 0.6714 15.8666 61.3508 -20.4526 26.4752
4892 -0.1372 0.0659 0.9741 1.0986 2.7466 2.6245 14.6325 60.8219 -20.6231 26.4782
4972 -0.1133 0.0942 0.9878 1.5259 0.4272 0.7935 14.6325 60.8219 -20.6231 26.4662
5052 -0.1440 0.0776 0.9829 -0.9155 1.3428 -2.1973 15.1614 61.7034 -21.4752 26.4962
5132 -0.1343 0.0933 0.9956 -0.6104 -1.8921 -2.8687 16.5718 61.3508 -20.4526 26.4872
5212 -0.1147 0.0835 0.9766 -1.1597 -3.3569 -3.6621 16.5718 61.3508 -20.4526 26.4842
5292 -0.0947 0.1021 0.9912 -0.3052 -2.5635 -1.4038 15.1614 61.3508 -22.8387 26.4722
5372 -0.1025 0.0991 0.9951 -2.7466 0.7324 -0.4272 15.1614 59.2353 -21.1344 26.4872
5452 -0.1240 0.0664 0.9751 -3.1128 -0.9766 -0.7935 15.1614 59.2353 -21.1344 26.4812
5532 -0.1167 0.0703 0.9805 -1.2207 -0.7324 -1.2817 15.6903 59.7641 -19.9413 26.4842
5612 -0.1260 0.0693 0.9834 -1.2207 -0.4883 -2.1362 15.6903 59.7641 -19.9413 26.4962
5692 -0.0815 0.0801 0.9668 -2.9907 -4.7607 -4.0894 16.5718 58.8827 -22.1570 26.4962
5772 -0.1143 0.0684 0.9888 -1.5869 -1.6479 -4.3945 16.5718 59.9404 -21.4752 26.4842
5852 -0.0835 0.0659 0.9731 -3.4180 -1.5869 -3.6011 16.5718 59.9404 -21.4752 26.4902
5932 -0.0728 0.0684 0.9766 0.4272 -2.0142 -0.0610 15.3377 60.1167 -20.6231 26.4902
6012 -0.0732 0.0864 0.9814 2.1362 5.7373 1.8921 17.4532 58.3538 -22.6683 26.5111
6092 -0.1372 0.0625 0.9932 1.4038 4.2114 1.5259 17.4532 58.3538 -22.6683 26.4932
6172 -0.1426 0.0391 0.9839 -0.9155 1.5259 0.4272 17.4532 59.4116 -19.9413 26.5291
6252 -0.0903 0.0698 0.9634 -0.6714 0.4272 1.6479 17.6295 60.2930 -22.8387 26.4962
6332 -0.1270 0.0889 0.9854 1.3428 3.7231 -0.1221 17.6295 60.2930 -22.8387 26.4991
6412 -0.1245 0.0801 0.9844 -3.5400 -1.6479 -1.3428 17.8058 60.4693 -20.2822 26.5351
6492 -0.1118 0.0391 0.9590 0.1831 -0.6714 -1.4648 17.8058 60.4693 -20.2822 26.5171
6572 -0.0835 0.0820 0.9673 1.8921 -0.6104 0.7935 15.6903 60.1167 -21.6457 26.5171
6652 -0.1221 0.0864 1.0000 -1.2817 -1.2817 0.8545 16.0429 60.4693 -20.9639 26.5321
6732 -0.0996 0.0454 0.9521 -1.7700 0.5493 1.3428 16.0429 60.4693 -20.9639 26.5351
6812 -0.1089 0.0742 0.9771 4.0283 2.6855 4.0894 17.6295 60.2930 -21.1344 26.5021
6892 -0.1250 0.0747 1.0034 -0.9155 -0.0610 0.4883 17.1007 59.0590 -21.9866 26.5171
6972 -0.1133 0.0801 0.9858 1.0376 1.3428 -0.7324 17.1007 59.0590 -21.9866 26.5321
7052 -0.1172 0.0771 0.9854 -1.7700 1.8311 2.3193 15.3377 60.8219 -20.6231 26.5261
7132 -0.1133 0.0737 0.9780 0.4272 0.9155 1.2207 15.3377 60.8219 -20.6231 26.5231
7212 -0.1440 0.0840 0.9829 0.2441 2.8687 -0.6714 15.6903 60.4693 -20.6231 26.5441
7292 -0.1099 0.0586 0.9722 -0.6104 -0.3662 -0.9766 16.3955 61.1745 -20.9639 26.5411
7372 -0.1079 0.1011 0.9902 0.5493 0.3052 1.6479 16.3955 61.1745 -20.9639 26.5351
7452 -0.1172 0.0591 0.9854 -1.4038 2.6245 3.1738 15.8666 59.5878 -21.1344 26.5351
7532 -0.1602 0.0659 0.9624 -0.9766 3.8452 2.2583 16.2192 62.0560 -21.8161 26.5171
7612 -0.1260 0.0830 0.9717 0.4883 -0.6714 -1.2207 16.2192 62.0560 -21.8161 26.5590
7692 -0.1387 0.0659 0.9731 -0.9155 -0.8545 -1.4038 16.5718 61.7034 -22.1570 26.5381
7772 -0.1104 0.0938 0.9771 1.7090 -1.0376 -0.1831 16.5718 60.9982 -21.4752 26.5351
7852 -0.1157 0.0957 0.9854 -1.2817 0.7324 0.4272 16.5718 60.9982 -21.4752 26.5531
7932 -0.1279 0.0801 0.9829 0.5493 0.1831 2.6855 15.8666 60.9982 -22.1570 26.5381
8012 -0.1387 0.0986 0.9868 0.6104 0.7935 0.1831 15.8666 60.9982 -22.1570 26.5141
8092 -0.1211 0.0610 0.9766 -1.2207 0.0000 0.2441 15.5140 60.9982 -21.1344 26.5411
8172 -0.1353 0.0947 0.9668 1.0986 -2.8076 -1.5869 15.5140 61.7034 -20.7935 26.5531
8252 -0.1206 0.1123 1.0000 1.0376 -0.6714 -1.9531 15.5140 61.7034 -20.7935 26.5531
8332 -0.1143 0.0571 0.9756 -4.2114 1.2817 0.3662 16.5718 61.3508 -22.1570 26.5680
8412 -0.1494 0.0820 0.9531 1.4038 0.9766 1.2817 16.9244 62.4086 -21.8161 26.5650
8492 -0.1255 0.0942 0.9849 -0.3662 -0.6104 -1.2817 16.9244 62.4086 -21.8161 26.5561
8572 -0.1201 0.0708 0.9771 -1.5869 -0.7935 0.5493 15.8666 61.7034 -21.8161 26.5800
8652 -0.1240 0.1143 0.9961 2.8687 -0.9155 -0.8545 15.8666 61.7034 -21.8161 26.5830
8732 -0.1182 0.0874 0.9844 -2.3193 -0.3052 -0.3052 15.6903 61.5271 -21.3048 26.5800
8812 -0.1318 0.0781 0.9746 -0.6714 0.9155 0.8545 16.2192 60.6456 -20.4526 26.5740
8892 -0.1401 0.1050 0.9883 1.0986 0.0000 -1.3428 16.2192 60.6456 -20.4526 26.5860
8972 -0.1270 0.0771 1.0000 -1.9531 0.2441 -1.2207 16.0429 62.2323 -21.3048 26.5860
9052 -0.1372 0.0786 0.9673 0.6104 0.3662 -0.1831 15.6903 61.1745 -20.6231 26.5950
9132 -0.1260 0.1118 0.9922 -0.1831 -0.9766 -1.0986 15.6903 61.1745 -20.6231 26.5920
9212 -0.1245 0.0596 0.9746 -2.4414 0.6104 0.6714 15.6903 60.8219 -22.3274 26.6100
9292 -0.1250 0.1016 0.9775 1.6479 -0.2441 -0.1221 16.2192 61.7034 -22.4979 26.6040
9372 -0.1294 0.0869 0.9927 -2.3193 0.1221 -0.6714 16.2192 61.7034 -22.4979 26.6010
9452 -0.1294 0.0889 0.9819 0.3052 -0.2441 -0.7324 16.0429 60.1167 -20.6231 26.5920
9532 -0.1362 0.0825 0.9854 -1.4648 1.0376 -0.8545 16.0429 60.1167 -20.6231 26.6040
9612 -0.1260 0.0713 0.9795 -0.3052 -0.3052 0.4883 15.1614 60.2930 -20.4526 26.6190
9692 -0.1553 0.1016 0.9897 -0.1221 0.1221 -0.8545 15.1614 60.9982 -21.4752 26.6219
9772 -0.1245 0.0640 0.9751 -0.4883 -0.9766 -0.1831 15.1614 60.9982 -21.4752 26.6309
9852 -0.1235 0.1030 0.9780 -1.1597 -1.6479 0.0610 15.3377 61.8797 -21.3048 26.6249
9932 -0.1172 0.0728 0.9814 -1.0376 1.1597 -0.0610 16.0429 62.2323 -21.6457 26.6190
10012 -0.1318 0.1006 0.9795 -0.6714 0.9155 -0.3052 16.0429 62.2323 -21.6457 26.6279
10092 -0.1157 0.0723 0.9844 -0.9155 0.0610 -0.6714 16.3955 61.5271 -22.3274 26.6190
10172 -0.1221 0.0879 0.9785 0.3052 -0.9155 -0.1831 16.3955 61.5271 -22.3274 26.6100
10252 -0.1265 0.1025 0.9897 0.7324 1.3428 -1.2207 16.0429 62.2323 -20.9639 26.6309
10332 -0.1050 0.0820 0.9805 -2.0142 -0.6714 0.0000 15.6903 61.8797 -20.9639 26.6279
10412 -0.1382 0.0854 0.9692 -0.0610 2.0142 0.5493 15.6903 61.8797 -20.9639 26.6040
10492 -0.1343 0.0962 0.9897 0.0610 -1.2817 -0.7935 17.1007 62.9375 -20.9639 26.6519
10572 -0.1226 0.0747 0.9834 -0.7935 -0.9155 -0.9766 16.0429 60.8219 -21.3048 26.6459
10652 -0.1328 0.0977 0.9844 0.4272 0.7324 0.0000 16.0429 60.8219 -21.3048 26.6429
10732 -0.1357 0.0908 0.9824 -1.5869 0.6714 -1.3428 17.1007 60.8219 -20.2822 26.6489
10812 -0.1279 0.0791 0.9727 -1.0376 -0.3662 -0.2441 17.1007 60.8219 -20.2822 26.6579
10892 -0.1250 0.0854 0.9854 0.6714 -0.1831 -0.6714 15.1614 60.6456 -21.1344 26.6489
10972 -0.1318 0.0835 0.9839 -0.1831 -0.5493 -0.1831 15.5140 61.3508 -21.4752 26.6759
11052 -0.1230 0.0879 0.9810 -0.6104 1.4648 -0.6714 15.5140 61.3508 -21.4752 26.6699
11132 -0.1035 0.0918 0.9814 0.0610 5.3101 0.2441 15.8666 62.7612 -22.8387 26.6459
11212 -0.1626 0.0845 0.9883 2.7466 4.3945 1.6479 15.8666 62.0560 -20.7935 26.6878
11292 -0.1768 0.1001 0.9834 -0.0610 3.6621 -0.4272 15.8666 62.0560 -20.7935 26.6878
11372 -0.1528 0.0947 0.9756 -1.4038 -3.1128 -3.9063 15.6903 63.6426 -20.9639 26.6819
11452 -0.1343 0.0884 0.9814 0.4883 -0.3052 -3.2959 15.6903 62.9375 -22.3274 26.6908
11532 -0.1143 0.1382 1.0337 2.8076 -5.6152 -2.0752 15.6903 62.9375 -22.3274 26.6789
11612 -0.1416 0.1001 0.9771 0.2441 -0.1221 0.7324 14.8088 62.0560 -21.1344 26.6908
11692 -0.1621 0.0938 0.9712 -2.7466 -4.0283 -2.1362 14.8088 62.0560 -21.1344 26.6878
11772 -0.1475 0.0938 0.9878 2.7466 -8.5449 -1.6479 15.1614 62.0560 -21.4752 26.6938
11852 -0.0850 0.1123 0.9722 -3.2959 -3.1738 -1.8921 14.6325 63.2901 -21.3048 26.7148
11932 -0.1177 0.0679 0.9687 -2.6245 -1.3428 -0.4272 14.6325 63.2901 -21.3048 26.7208
12012 -0.1372 0.0903 0.9941 5.4932 -5.6763 0.9155 14.9851 61.5271 -20.6231 26.7178
12092 -0.1572 0.0933 1.0034 5.9204 -7.0801 -2.7466 14.1036 61.3508 -21.8161 26.7148
12172 -0.0601 0.1426 0.9873 -6.2866 -0.7935 -3.0518 14.1036 61.3508 -21.8161 26.6908
12252 -0.1279 0.0767 0.9639 -0.9766 -18.3716 -12.1460 15.3377 60.4693 -21.9866 26.7477
12332 -0.0557 0.0586 0.9858 -16.2964 -7.3242 10.9253 15.3377 60.4693 -21.9866 26.7388
12412 -0.0635 0.0396 0.9790 -40.3442 -13.0615 19.7754 16.5718 58.8827 -20.7935 26.7418
12492 -0.0430 0.0454 0.9771 -22.8271 -11.3525 23.4985 19.0399 58.5301 -20.7935 26.7537
12572 -0.0859 -0.0762 0.9526 -44.9219 -10.9253 38.4521 19.0399 58.5301 -20.7935 26.7567
12652 -0.0518 -0.2397 0.9058 -99.5483 -15.5640 50.3540 22.3895 57.2960 -20.6231 26.7597
12732 0.0034 -0.2236 0.9155 -18.3716 9.2773 -11.9019 30.1465 58.3538 -26.4180 26.7717
12812 -0.0093 -0.2983 0.9712 -61.3403 13.1836 3.9673 30.1465 58.3538 -26.4180 26.7807
12892 -0.0205 -0.3672 0.9580 -50.8423 11.1694 -10.6201 34.0250 60.1167 -28.8041 26.7837
12972 -0.0352 -0.3955 0.8984 -36.2549 9.3994 -4.0283 38.0798 58.5301 -31.3607 26.7807
13052 -0.0542 -0.4565 0.8437 -52.4292 6.2866 3.6011 38.0798 58.5301 -31.3607 26.7897
13132 -0.0557 -0.5371 0.8188 -53.0396 2.5024 0.6104 41.7820 60.1167 -35.2808 26.7957
13212 -0.0674 -0.6191 0.7544 -63.9038 -1.7700 11.0474 41.7820 60.1167 -35.2808 26.7987
13292 -0.0635 -0.6523 0.7021 -64.6362 0.1831 8.7891 43.8976 61.1745 -42.0983 26.7987
13372 -0.0708 -0.7056 0.6953 -28.8696 6.2866 0.0610 45.6605 61.1745 -45.8479 26.8196
13452 -0.0830 -0.7354 0.6372 -42.6636 3.7231 8.5449 45.6605 61.1745 -45.8479 26.7957
13532 -0.0991 -0.7939 0.6021 -46.5088 -1.2207 10.2539 46.0131 64.7004 -52.3246 26.8256
13612 -0.0962 -0.8320 0.5483 -33.3862 4.6997 6.0425 49.5390 64.7004 -55.7334 26.7957
13692 -0.1162 -0.8540 0.5195 -42.3584 -1.7090 12.4512 49.5390 64.7004 -55.7334 26.8286
13772 -0.1284 -0.8892 0.4536 -52.9175 -9.8877 8.9722 48.8338 63.2901 -59.8239 26.8106
13852 -0.1348 -0.9062 0.3940 -62.9883 -6.2866 7.9956 48.8338 63.2901 -59.8239 26.8376
13932 -0.1216 -0.9053 0.3550 -29.3579 7.4463 -10.2539 48.1286 65.7582 -64.2553 26.8436
14012 -0.1191 -0.8901 0.2769 -45.5933 1.7700 -10.9863 48.1286 63.6426 -68.3458 26.8586
14092 -0.1001 -0.9653 0.2012 -64.0869 -1.4648 -5.6763 48.1286 63.6426 -68.3458 26.8406
14172 -0.0835 -1.0063 0.1543 -37.3535 -0.8545 -16.1133 48.1286 63.2901 -73.7998 26.8616
14252 -0.0645 -0.9741 0.0928 -38.3911 -1.9531 -2.3193 46.8946 62.0560 -78.0608 26.8346
14332 -0.0542 -1.0073 0.0703 -8.1177 -0.9766 2.7466 46.8946 62.0560 -78.0608 26.8646
14412 -0.0649 -1.0078 0.0239 -9.0942 -0.4272 0.1221 47.5998 63.1138 -81.1287 26.8406
14492 -0.0762 -0.9858 0.0117 0.5493 9.5825 -4.6387 46.5420 62.7612 -80.7878 26.8406
14572 -0.0542 -0.9971 0.0894 -23.3765 2.8687 -0.9766 46.5420 62.7612 -80.7878 26.8496
14652 -0.0474 -1.0171 0.0581 -9.9487 8.0566 -0.7935 47.4235 62.9375 -81.2991 26.8586
14732 -0.0610 -0.9990 0.0444 -6.2866 3.0518 0.6104 47.4235 62.9375 -81.2991 26.8376
14812 -0.0601 -1.0024 0.0000 -4.2725 -5.4321 2.7466 45.6605 62.2323 -82.3218 26.8646
14892 -0.0605 -0.9771 0.0225 -1.2817 -4.2114 2.7466 46.3657 61.1745 -83.3444 26.8436
14972 -0.0669 -0.9946 0.0156 -9.8267 -3.4790 1.2817 46.3657 61.1745 -83.3444 26.8616
15052 -0.0728 -1.0239 0.0205 -7.8735 1.9531 -0.6714 46.1894 63.1138 -84.1966 26.8616
15132 -0.0708 -1.0000 -0.0303 -3.8452 -2.7466 0.9155 45.4842 62.0560 -83.8557 26.8855
15212 -0.0625 -0.9897 -0.0049 1.7090 1.6479 -0.9155 45.4842 62.0560 -83.8557 26.8496
15292 -0.0693 -0.9878 -0.0215 -0.1831 0.9155 -0.6714 44.6027 62.2323 -84.7079 26.8915
15372 -0.0605 -0.9868 -0.0142 -0.6714 3.4790 -2.3193 44.6027 62.2323 -84.7079 26.8646
15452 -0.0723 -0.9946 -0.0283 0.0000 0.7324 -2.1973 45.1316 61.7034 -83.8557 26.8436
15532 -0.0601 -0.9834 -0.0137 -4.4556 -0.6714 -2.4414 44.6027 61.5271 -84.0261 26.8556
15612 -0.0586 -0.9902 -0.0269 -3.5400 -0.7935 -2.0752 44.6027 61.5271 -84.0261 26.8616
15692 -0.0625 -0.9966 -0.0220 -3.4790 -0.1831 -0.9155 43.8976 62.5849 -84.0261 26.8885
15772 -0.0610 -0.9868 -0.0273 -4.3945 -0.3052 0.0610 46.0131 61.1745 -85.3897 26.8825
15852 -0.0640 -0.9932 -0.0347 -2.2583 -0.6714 -1.4038 46.0131 61.1745 -85.3897 26.8586
15932 -0.0566 -0.9927 -0.0332 -1.0376 -0.4272 -0.3662 46.3657 61.5271 -85.3897 26.8915
16012 -0.0576 -1.0044 -0.0269 0.0000 0.4883 -0.5493 46.3657 61.5271 -85.3897 26.8825
16092 -0.0576 -1.0132 -0.0225 -4.4556 -0.8545 0.0610 45.6605 61.5271 -85.7305 26.8885
16172 -0.0601 -0.9941 -0.0293 -3.8452 -1.4648 0.7935 46.0131 62.5849 -85.7305 26.9245
16252 -0.0684 -0.9771 -0.0542 1.5869 0.3662 -0.3052 46.0131 62.5849 -85.7305 26.8945
16332 -0.0645 -0.9858 -0.0396 0.9766 1.1597 -0.4883 44.9553 62.2323 -86.0714 26.9005
16412 -0.0679 -1.0063 -0.0215 0.3052 -0.0610 -0.0610 44.0739 62.7612 -85.5601 26.9215
16492 -0.0679 -0.9966 -0.0298 0.1831 -0.7935 0.0610 44.0739 62.7612 -85.5601 26.9005
16572 -0.0625 -0.9883 -0.0415 2.1973 -0.3052 0.9766 45.4842 62.7612 -86.9236 26.9065
16652 -0.0732 -0.9985 -0.0229 -0.4272 -0.3662 0.1221 44.0739 62.7612 -85.9010 26.9035
16732 -0.0718 -1.0039 -0.0264 0.9155 -0.6714 0.3662 44.0739 62.7612 -85.9010 26.9215
16812 -0.0674 -1.0059 -0.0376 1.7090 0.0610 -0.7324 45.4842 61.7034 -85.9010 26.9095
16892 -0.0723 -0.9951 -0.0288 1.4038 0.6104 -1.4038 45.4842 61.7034 -85.9010 26.9364
16972 -0.0688 -0.9902 -0.0151 3.4180 1.3428 -1.9531 45.4842 63.1138 -86.9236 26.9305
17052 -0.0703 -0.9902 -0.0225 1.8311 -0.8545 -0.9766 44.9553 62.2323 -85.3897 26.9334
17132 -0.0635 -0.9946 -0.0234 4.3945 0.2441 -3.1128 44.9553 62.2323 -85.3897 26.9334
17212 -0.0615 -0.9810 -0.0127 14.2212 3.7231 -4.2725 44.4264 61.7034 -86.9236 26.9424
17292 -0.0571 -0.9951 0.0146 9.4604 -0.4883 -1.2207 45.8368 61.7034 -84.8783 26.9424
17372 -0.0615 -0.9980 0.0142 11.7187 -5.5542 -0.4272 45.8368 61.7034 -84.8783 26.9514
17452 -0.0576 -0.9868 0.0439 2.9907 -8.8501 0.2441 47.5998 61.7034 -82.4922 26.9424
17532 -0.0576 -0.9893 0.0581 18.3716 2.4414 -3.8452 47.5998 61.7034 -82.4922 26.9634
17612 -0.0503 -0.9873 0.0908 17.5781 2.0142 -3.5400 46.5420 61.7034 -83.5148 26.9454
17692 -0.0542 -0.9966 0.1030 6.1035 2.1362 0.1221 48.1286 60.1167 -81.2991 26.9544
17772 -0.0508 -0.9800 0.1143 12.2070 2.8687 -0.6714 48.1286 60.1167 -81.2991 26.9454
17852 -0.0474 -0.9834 0.1455 17.4561 4.0894 -1.8921 48.3049 60.9982 -79.7652 26.9724
17932 -0.0444 -0.9619 0.1641 28.5034 -3.1738 0.9766 48.1286 60.1167 -77.8904 26.9574
18012 -0.0518 -0.9624 0.2114 26.4893 -1.8311 0.8545 48.1286 60.1167 -77.8904 26.9604
18092 -0.0518 -0.9658 0.2466 14.6484 -1.2817 -3.6011 49.0101 62.0560 -75.6747 26.9844
18172 -0.0483 -0.9507 0.2920 43.0298 -4.2725 -6.2256 49.3627 61.3508 -73.6294 26.9694
18252 -0.0386 -0.9106 0.3574 19.1650 -1.6479 -4.5166 49.3627 61.3508 -73.6294 26.9844
18332 -0.0396 -0.9258 0.3433 16.8457 -1.4038 -1.9531 49.0101 60.6456 -70.2206 26.9874
18412 -0.0327 -0.9028 0.3594 54.3823 -64.2090 -1.0376 49.0101 60.6456 -70.2206 26.9993
18492 0.0024 -0.8369 0.4575 37.4756 -11.3525 -2.6855 49.7153 60.6456 -65.4484 27.0233
18572 0.0171 -0.8374 0.5020 52.9175 -7.1411 -9.0942 46.8946 60.9982 -61.6987 27.0383
18652 0.0400 -0.7856 0.5640 49.5605 -1.0376 -20.2026 46.8946 60.9982 -61.6987 27.0233
18732 0.0747 -0.7510 0.6436 54.0771 -1.5869 -21.5454 47.7761 59.4116 -58.4604 27.0173
18812 0.0933 -0.7188 0.7192 36.8042 -4.2725 -16.2964 45.3079 59.4116 -52.6655 27.0533
18892 0.0938 -0.6758 0.7480 63.1104 7.5073 -16.2964 45.3079 59.4116 -52.6655 27.0443
18972 0.1074 -0.5918 0.7754 59.7534 4.3945 -3.2959 42.3109 55.3568 -44.9957 27.0652
19052 0.0933 -0.5474 0.8398 63.5376 7.0190 -15.2588 42.3109 55.3568 -44.9957 27.0533
19132 0.1084 -0.4844 0.8799 62.2559 -8.0566 -16.4795 41.2531 54.2990 -40.2235 27.0772
19212 0.1143 -0.3413 0.9268 82.7026 5.7373 -18.8599 35.0828 53.0649 -36.6443 27.0682
19292 0.1152 -0.1914 0.9595 72.6929 3.9673 -11.4136 35.0828 53.0649 -36.6443 27.1012
19372 0.1069 -0.1670 0.9780 44.7388 2.1362 -4.9438 29.9702 53.5938 -30.6789 27.0892
19452 0.1094 -0.0610 0.9976 52.2461 0.0000 -5.2490 22.7421 53.0649 -26.4180 27.0982
19532 0.1226 -0.0273 0.9834 52.9785 -0.9766 -3.8452 22.7421 53.0649 -26.4180 27.0892
19612 0.0967 0.0239 0.9800 55.7861 3.3569 -5.6152 19.7451 53.9464 -24.8840 27.1191
19692 0.1045 0.1245 0.9658 50.2319 -0.4272 0.2441 19.7451 53.9464 -24.8840 27.0802
19772 0.1191 0.2036 0.9595 66.5894 -5.2490 -4.8828 13.5747 53.7701 -21.9866 27.1072
19852 0.1230 0.2852 0.9287 68.9697 3.8452 -7.7515 7.5807 53.7701 -21.6457 27.1162
19932 0.0688 0.3442 0.8315 69.8853 7.9956 -4.5776 7.5807 53.7701 -21.6457 27.1012
20012 0.0908 0.4712 0.8706 71.5332 9.3384 -6.5918 -0.8815 53.0649 -21.9866 27.1311
20092 0.0610 0.5088 0.8340 77.0264 23.3154 -17.1509 -6.5229 54.4753 -21.9866 27.1102
20172 0.0205 0.6196 0.7202 96.6187 16.0522 -25.7568 -6.5229 54.4753 -21.9866 27.1551
20252 0.0083 0.7056 0.6768 48.0347 -4.6387 -21.1182 -16.0429 56.2382 -23.6909 27.1371
20332 -0.0029 0.7778 0.6284 59.6924 0.0000 -13.6719 -19.9214 57.2960 -26.0771 27.1461
20412 -0.0137 0.8262 0.5493 67.0166 2.5024 -2.6245 -19.9214 57.2960 -26.0771 27.1611
20492 -0.0234 0.9243 0.4717 71.7773 -4.7607 -2.9297 -27.8547 56.0619 -30.6789 27.1731
20572 0.0205 0.9355 0.3882 41.0156 -9.3994 -7.5073 -27.8547 56.0619 -30.6789 27.1910
20652 -0.0234 0.9434 0.3242 57.3730 -17.0288 -5.4321 -33.6724 56.2382 -34.2581 27.2060
20732 -0.0527 0.9800 0.2603 69.2139 -1.7700 -5.4321 -37.5509 55.8856 -38.6895 27.2210
20812 -0.0181 1.0127 0.1606 47.9126 -9.5215 17.0288 -37.5509 55.8856 -38.6895 27.2330
20892 0.0156 1.0093 0.1362 28.3813 3.6621 15.3198 -41.7820 55.5331 -42.4392 27.2629
20972 0.0195 1.0044 0.0801 54.3823 -15.3809 10.1318 -44.2501 53.4175 -45.5071 27.2659
21052 0.0117 1.0137 -0.0264 62.1338 -16.6016 -15.3809 -44.2501 53.4175 -45.5071 27.2749
21132 -0.0107 0.9795 -0.0649 12.8174 6.4087 -4.0283 -45.4842 53.9464 -53.5177 27.3288
21212 -0.0083 0.9629 -0.0923 5.5542 15.0146 -5.3711 -45.4842 53.9464 -53.5177 27.3498
21292 -0.0122 0.9814 -0.1128 22.8882 8.1787 -13.1836 -45.1316 55.7094 -52.8359 27.3528
21372 -0.0425 1.0127 -0.1338 9.3384 -10.9253 -7.9956 -46.3657 55.5331 -55.7334 27.3977
21452 -0.0283 1.0020 -0.1309 -11.5967 10.0098 -2.2583 -46.3657 55.5331 -55.7334 27.3767
21532 -0.0283 0.9971 -0.1348 -7.1411 8.8501 1.0986 -47.0709 56.2382 -55.0516 27.4277
21612 -0.0400 0.9995 -0.1309 8.7891 0.7324 -3.9673 -45.4842 56.4145 -56.2447 27.4306
21692 -0.0337 0.9937 -0.1328 -5.2490 -8.1177 -1.5869 -45.4842 56.4145 -56.2447 27.4516
21772 -0.0425 0.9990 -0.1226 -5.4932 7.9956 -1.2817 -45.6605 57.6486 -56.7560 27.4606
21852 -0.0303 0.9971 -0.1279 -4.4556 6.0425 -0.6104 -47.0709 56.5908 -55.7334 27.4636
21932 -0.0308 0.9976 -0.1196 3.6011 -0.5493 -1.4038 -47.0709 56.5908 -55.7334 27.4876
22012 -0.0356 0.9976 -0.1270 2.7466 -1.9531 0.2441 -46.7183 56.5908 -55.0516 27.4846
22092 -0.0371 1.0024 -0.1270 -2.8076 8.1177 -0.5493 -46.7183 56.5908 -55.0516 27.5085
22172 -0.0283 0.9980 -0.1279 10.8032 8.9722 0.3662 -47.2472 56.0619 -54.1994 27.5175
22252 -0.0342 1.0010 -0.1182 -1.4038 -2.8076 -0.4883 -46.1894 57.4723 -55.9038 27.5205
22332 -0.0313 1.0059 -0.1289 -8.4229 9.6436 0.9155 -46.1894 57.4723 -55.9038 27.5475
22412 -0.0332 0.9956 -0.1304 0.1221 4.2725 0.9155 -45.4842 55.7094 -53.8585 27.5445
22492 -0.0249 0.9883 -0.1328 3.2349 -1.2817 0.1831 -47.2472 57.8249 -53.5177 27.5624
22572 -0.0229 1.0068 -0.1338 1.5869 16.7236 2.4414 -47.2472 57.8249 -53.5177 27.5624
22652 -0.0098 1.0020 -0.1411 0.5493 14.5874 2.2583 -48.3049 56.4145 -55.2220 27.5684
22732 -0.0117 0.9907 -0.1450 6.1035 4.5166 -1.8921 -48.3049 56.4145 -55.2220 27.5804
22812 -0.0190 0.9766 -0.1406 -3.7231 20.3247 0.4272 -45.6605 56.5908 -56.4151 27.5894
22892 0.0063 1.0161 -0.1431 -10.8643 42.6636 -0.3662 -46.7183 58.0012 -54.7107 27.5984
22972 0.0024 1.0059 -0.1191 -7.3242 47.6685 -1.2817 -46.7183 58.0012 -54.7107 27.5894
23052 0.0132 1.0059 -0.1323 -13.1836 49.8047 -6.7749 -47.7761 59.7641 -53.6881 27.5984
23132 -0.0049 1.0181 -0.0684 -19.4092 78.0640 -4.2725 -46.1894 61.7034 -53.1768 27.6074
23212 0.0059 0.9971 -0.0903 -14.7705 63.1714 -0.8545 -46.1894 61.7034 -53.1768 27.6014
23292 -0.0034 0.9966 -0.0854 4.4556 83.5571 -2.3804 -45.1316 62.7612 -53.1768 27.6193
23372 0.0161 1.0264 -0.0913 -6.1035 64.9414 1.6479 -45.1316 62.7612 -53.1768 27.5864
23452 0.0308 0.9912 -0.0840 2.9907 46.6309 -0.2441 -45.4842 67.3449 -55.5629 27.6044
23532 0.0366 0.9639 -0.0347 -3.9673 47.2412 4.8828 -44.7790 68.4026 -55.5629 27.5924
23612 0.0210 0.9878 -0.0820 10.0098 61.8896 0.5493 -44.7790 68.4026 -55.5629 27.5774
23692 0.0439 0.9473 -0.0654 5.3101 65.7959 1.6479 -44.2501 69.6367 -57.0969 27.5834
23772 0.0303 1.0317 -0.0693 -4.0894 69.1528 -3.4790 -45.4842 71.2233 -59.9943 27.6044
23852 0.0527 1.0088 -0.1060 -2.0142 46.3257 -10.9863 -45.4842 71.2233 -59.9943 27.5804
23932 0.0283 0.9824 -0.0596 7.6294 36.7432 -3.7231 -46.3657 73.1626 -60.5056 27.5984
24012 0.0063 1.0098 0.0249 -12.1460 49.7437 -8.4839 -44.9553 73.1626 -62.2100 27.6044
24092 -0.0122 1.0083 -0.0366 0.3662 50.1709 -4.6387 -44.9553 73.1626 -62.2100 27.6134
24172 0.0327 0.9395 -0.0879 21.1182 50.6592 1.7700 -44.6027 74.5730 -64.5962 27.5984
24252 -0.0039 1.0859 -0.0801 14.3433 49.8657 -12.3291 -44.6027 74.5730 -64.5962 27.6134
24332 0.0127 0.9907 -0.1167 -5.5542 54.5654 -15.6860 -43.8976 75.2781 -68.6867 27.5984
24412 -0.0103 0.9775 -0.0923 -0.9155 60.6079 -10.3149 -42.8398 76.3359 -71.7546 27.6253
24492 0.0132 0.9561 -0.1450 14.5264 36.3159 5.7983 -42.8398 76.3359 -71.7546 27.5864
24572 -0.0474 1.0249 -0.0806 -9.2773 48.7061 -1.8311 -44.9553 75.9833 -73.1181 27.6104
24652 0.0322 0.9722 -0.1172 14.7095 17.9443 2.8687 -43.3687 76.1596 -75.3338 27.6193
24732 0.0122 1.0161 -0.0977 23.7427 13.9160 9.0942 -43.3687 76.1596 -75.3338 27.6044
24812 -0.0068 1.0039 -0.1182 -13.7329 1.4648 0.8545 -43.7213 76.5122 -77.3790 27.6223
24892 0.0249 0.9893 -0.1274 -12.8784 -25.0854 5.0049 -43.7213 76.5122 -77.3790 27.6104
24972 0.0229 0.9912 -0.1025 -33.3252 -8.1787 2.1973 -44.2501 74.9256 -75.5042 27.6253
25052 0.0107 1.0171 -0.0552 -16.4795 11.7187 -1.8921 -45.3079 75.2781 -74.4816 27.6283
25132 0.0522 0.9814 -0.0376 -14.4653 -2.8687 1.5869 -45.3079 75.2781 -74.4816 27.6223
25212 0.0068 0.9868 -0.0063 -2.6855 4.5776 1.2207 -45.3079 75.2781 -72.0955 27.6283
25292 -0.0059 1.0381 0.0190 -19.3481 11.1694 0.0000 -44.4264 76.1596 -71.5841 27.6223
25372 0.0205 1.0000 0.0635 -24.3530 -6.2866 4.4556 -44.4264 76.1596 -71.5841 27.6343
25452 0.0127 1.0459 0.0674 -38.2690 -8.2397 3.4790 -44.6027 73.8678 -68.3458 27.6493
25532 0.0557 0.9883 0.1250 -48.2788 -27.5879 1.5869 -44.9553 75.2781 -64.5962 27.6613
25612 0.0562 0.9834 0.1479 1.4648 2.5635 1.8311 -44.9553 75.2781 -64.5962 27.6792
25692 0.0234 1.0063 0.1787 -42.8467 -5.4932 0.8545 -44.0739 74.0441 -62.0396 27.6613
25772 0.0493 0.9634 0.2500 -55.0537 -23.9258 0.8545 -44.0739 74.0441 -62.0396 27.6942
25852 0.0464 0.9355 0.3013 -37.4146 6.8359 -2.5635 -43.7213 73.3389 -58.2899 27.6852
25932 0.0366 0.9297 0.3569 -50.7812 7.8125 -0.4883 -44.2501 73.8678 -55.0516 27.6972
26012 0.0337 0.8799 0.4097 -37.7808 -2.6855 -2.7466 -44.2501 73.8678 -55.0516 27.6972
26092 0.0396 0.8774 0.4614 -52.1851 -18.3105 -6.5308 -41.6057 74.3967 -50.4498 27.6942
26172 0.0420 0.8862 0.5361 -54.2603 -5.3101 -10.2539 -39.6665 74.5730 -46.1888 27.6733
26252 0.0029 0.8101 0.6050 -80.3223 -18.3105 -8.7891 -39.6665 74.5730 -46.1888 27.6942
26332 0.0332 0.7397 0.6592 -75.9277 -2.9907 -10.5591 -32.4384 75.4544 -40.2235 27.7242
26412 0.0249 0.6777 0.7324 -47.9736 -6.1035 -5.9814 -32.4384 75.4544 -40.2235 27.7092
26492 -0.0361 0.6177 0.8091 -67.9321 -2.6245 -8.7891 -28.3836 78.0989 -34.5990 27.7092
26572 0.0015 0.5093 0.8413 -74.4019 0.7935 -9.8267 -23.0947 77.0411 -31.5311 27.7541
26652 0.0278 0.4512 0.8960 -65.1245 9.5825 1.2817 -23.0947 77.0411 -31.5311 27.7481
26732 -0.0410 0.3159 0.9302 -83.0078 15.2588 1.9531 -15.5140 76.8648 -28.2928 27.7481
26812 -0.0176 0.2607 0.9785 -44.0674 4.0283 2.1973 -12.3407 77.2174 -27.2701 27.7392
26892 -0.0063 0.2065 0.9668 -37.3535 -2.4414 -2.8687 -12.3407 77.2174 -27.2701 27.7691
26972 -0.0176 0.1479 0.9653 -41.5039 4.6387 2.3804 -6.8755 79.5092 -23.3501 27.7901
27052 -0.0449 0.0830 0.9976 -53.9551 2.0752 4.5776 -6.8755 79.5092 -23.3501 27.8140
27132 -0.0039 0.0332 0.9888 -44.9829 -14.2212 -11.4136 -2.4681 78.6278 -25.5658 27.7541
27212 -0.0435 -0.0649 0.9897 -21.8506 9.2163 6.5308 4.0548 78.8041 -25.3953 27.7961
27292 -0.0381 -0.0430 1.0029 8.3008 1.8311 7.3242 4.0548 78.8041 -25.3953 27.7841
27372 -0.0308 -0.0298 0.9829 -6.3477 -5.3101 -1.4648 3.1733 79.3329 -25.9066 27.7931
27452 -0.0313 -0.0557 1.0005 -13.5498 -3.7842 -3.8452 3.5259 78.2752 -25.9066 27.8020
27532 -0.0112 -0.0752 0.9819 -23.1934 -2.1362 -2.0142 3.5259 78.2752 -25.9066 27.8140
27612 -0.0088 -0.0845 0.9658 -26.0010 7.1411 6.4697 6.8755 78.8041 -26.4180 27.8080
27692 -0.0391 -0.1431 0.9849 -42.1753 26.8555 13.6719 7.7570 79.6855 -25.9066 27.8050
27772 -0.0630 -0.1982 0.9917 -12.2070 -8.9722 -16.6626 7.7570 79.6855 -25.9066 27.8290
27852 0.0000 -0.1968 0.9424 -31.6162 -10.9863 -19.4702 11.6355 79.6855 -26.9293 27.8470
27932 -0.0068 -0.2920 0.9268 -58.0444 -12.3291 -13.7329 11.6355 79.6855 -26.9293 27.8230
28012 0.0024 -0.3921 0.9146 -89.6606 -13.8550 -7.6294 15.5140 78.2752 -26.9293 27.8470
28092 -0.0190 -0.4844 0.8452 -55.3589 11.6577 -4.0894 24.1525 77.0411 -31.1902 27.8320
28172 0.0054 -0.5693 0.8149 -80.4443 10.5591 -1.2817 24.1525 77.0411 -31.1902 27.8679
28252 0.0000 -0.6455 0.7295 -79.7119 -10.1318 -10.6201 27.8547 78.6278 -35.7921 27.8350
28332 0.0283 -0.7549 0.6714 -84.4116 -9.8267 -17.3340 34.9065 76.8648 -40.5643 27.8590
28412 0.0322 -0.8159 0.5806 -70.6177 4.1504 -1.0376 34.9065 76.8648 -40.5643 27.8620
28492 0.0493 -0.8501 0.4775 -57.7393 7.4463 0.4883 39.8428 75.4544 -45.6775 27.8530
28572 0.0210 -0.8857 0.4136 -92.0410 18.3716 11.5967 39.8428 75.4544 -45.6775 27.8709
28652 0.0068 -0.9092 0.2969 -72.2656 20.9961 12.8174 43.3687 77.5700 -50.7906 27.8620
28732 0.0356 -0.9961 0.1758 -81.5430 2.1973 -8.3618 43.1924 77.7463 -62.5509 27.8649
28812 -0.0054 -0.9888 0.0649 -67.2607 1.8311 -7.9346 43.1924 77.7463 -62.5509 27.8829
28892 0.0166 -0.9946 -0.0054 -3.1128 -5.6763 -14.0381 44.4264 78.2752 -68.8571 27.8620
28972 0.0444 -0.9385 -0.0034 -7.8735 -1.6479 -5.3711 44.6027 75.9833 -71.0728 27.8500
29052 -0.0210 -1.0391 -0.0410 -28.1982 0.7935 -3.9063 44.6027 75.9833 -71.0728 27.8679
29132 0.0366 -1.0151 -0.0566 -5.0659 -6.8970 -6.7139 44.6027 76.6885 -72.7772 27.8679
29212 0.0552 -0.9746 -0.0820 5.6763 -8.4229 -10.9863 47.0709 77.0411 -74.8225 27.8679
29292 0.0776 -0.9741 -0.0879 -16.2964 -5.9204 -8.5449 47.0709 77.0411 -74.8225 27.8679
29372 0.0674 -1.0186 -0.0791 -1.5259 -4.7607 -9.3994 45.8368 73.6915 -74.3112 27.8769
29452 0.0771 -1.0054 -0.0630 0.6104 -7.9956 -10.8643 45.8368 73.6915 -74.3112 27.8620
29532 0.1016 -1.0186 -0.0942 -10.9863 -7.6294 -11.1694 46.8946 75.4544 -74.3112 27.8769
29612 0.1011 -0.9966 -0.1055 -9.1553 -10.3149 -14.5874 45.6605 74.5730 -75.1633 27.8829
29692 0.1704 -0.9365 -0.0869 22.2778 -19.9585 -36.6821 45.6605 74.5730 -75.1633 27.8649
29772 0.1543 -0.9443 -0.1152 5.7983 -42.6636 -9.7656 48.3049 72.9863 -72.9477 27.8829
29852 0.2173 -0.9985 -0.1040 -5.1880 -111.8164 53.0396 46.8946 70.8708 -71.9250 27.8739
29932 0.1470 -1.0210 -0.1475 0.4272 -93.7500 23.5596 46.8946 70.8708 -71.9250 27.9099
30012 0.0146 -0.9702 -0.0942 17.3340 -89.5386 6.1646 47.0709 73.8678 -68.3458 27.9219
30092 -0.0059 -0.9790 -0.0884 9.2163 -99.0601 10.0098 47.0709 73.8678 -68.3458 27.9338
30172 -0.0083 -0.9912 -0.0879 14.7705 -121.0327 -9.6436 45.8368 75.8070 -64.0848 27.9458
30252 -0.0068 -1.0146 -0.0767 8.3008 -124.3897 -14.2212 46.8946 72.2811 -59.3126 27.9458
30332 0.0513 -0.9399 -0.0591 15.6860 -159.7290 -3.8452 46.8946 72.2811 -59.3126 27.9548
30412 0.0381 -0.9927 -0.0825 -11.5356 -119.5068 5.1880 45.3079 67.1686 -55.0516 27.9638
30492 0.0625 -0.9961 -0.0913 6.3477 -91.6748 -10.0098 45.3079 60.4693 -54.3699 27.9848
30572 0.0542 -0.9902 -0.0605 10.3149 -92.9565 -15.4419 45.3079 60.4693 -54.3699 27.9878
30652 0.0679 -0.9980 -0.0586 5.4321 -72.9370 -1.8311 45.3079 56.9434 -52.3246 27.9578
30732 0.0894 -0.9985 -0.0605 0.3052 -59.9976 0.6104 44.4264 51.4783 -51.1315 27.9698
30812 0.1177 -1.0000 -0.0430 8.7891 -21.4844 1.9531 44.4264 51.4783 -51.1315 27.9997
30892 0.1011 -0.9790 -0.0356 9.8267 -9.5215 7.9956 44.9553 52.0071 -50.9611 27.9997
30972 0.0776 -0.9761 -0.0303 2.3804 0.7324 3.6621 44.9553 52.0071 -50.9611 28.0207
31052 0.0742 -1.0225 -0.0322 4.2725 5.4321 0.7935 43.8976 52.7123 -49.9385 28.0327
31132 0.0752 -0.9917 -0.0103 5.2490 6.6528 2.6245 44.7790 51.1257 -49.4271 28.0626
31212 0.0620 -1.0083 -0.0010 1.4648 3.9673 3.7231 44.7790 51.1257 -49.4271 28.0776
31292 0.0571 -1.0034 0.0093 20.0195 -3.6621 4.1504 44.2501 54.1227 -48.9158 28.0896
31372 0.0571 -1.0381 0.0420 21.4233 -2.6855 0.4883 44.0739 52.5360 -46.0184 28.1016
31452 0.0474 -1.0024 0.0742 38.6963 15.8081 7.3242 44.0739 52.5360 -46.0184 28.1345
31532 0.0244 -1.0142 0.1562 61.3403 4.7607 8.7891 41.7820 54.4753 -43.1209 28.1315
31612 -0.0142 -1.1328 0.2168 93.0176 -7.0190 -8.4839 41.7820 54.4753 -43.1209 28.1645
31692 0.0381 -0.9058 0.3804 93.5669 -16.5405 -31.7993 37.9035 54.1227 -37.6669 28.1944
31772 0.1245 -0.8794 0.4590 86.9141 -0.1831 -59.5093 30.8517 51.6546 -29.1450 28.2034
31852 0.1509 -0.8018 0.5669 83.9233 7.7515 -42.0532 30.8517 51.6546 -29.1450 28.1974
31932 0.1587 -0.8022 0.6978 81.0547 1.1597 14.7705 21.3317 48.8338 -24.7136 28.2274
32012 0.1826 -0.5830 0.7114 62.0728 15.1978 13.0615 12.6933 51.1257 -21.4752 28.2274
32092 0.0894 -1.3350 0.7114 82.3975 27.2217 -43.8232 12.6933 51.1257 -21.4752 28.2453
32172 0.0811 -0.3984 0.9160 80.6274 14.9536 -11.1694 4.4074 53.0649 -19.2595 28.2423
32252 0.0522 -0.4390 0.9185 67.0166 10.3760 -47.9736 4.4074 53.0649 -19.2595 28.2304
32332 0.1235 -0.2646 0.9360 53.6499 27.2217 -7.6294 -2.1155 53.9464 -19.4300 28.2873
32412 0.0493 -0.1255 0.9717 42.5415 33.8745 32.5317 -8.9911 57.2960 -19.6004 28.2483
32492 0.0386 -0.2700 0.9229 29.9683 13.2446 76.2939 -8.9911 57.2960 -19.6004 28.2603
32572 -0.0610 -0.1323 0.9907 53.4668 16.7236 57.9834 -11.9881 58.1775 -19.4300 28.2723
32652 -0.0229 -0.0029 0.9541 30.7007 -6.7749 -20.8740 -17.4532 56.9434 -22.6683 28.2723
32732 -0.0601 0.0132 1.0063 15.2588 -17.0288 -26.2451 -17.4532 56.9434 -22.6683 28.3022
32812 0.0063 0.0205 1.0039 25.8179 -8.7280 -0.7324 -17.6295 57.4723 -23.1796 28.2843
32892 0.0010 0.0581 0.9888 -14.0991 9.7046 4.7607 -20.8029 57.1197 -22.8387 28.2873
32972 0.0225 0.0171 0.9751 -27.8320 -5.9814 -13.0005 -20.8029 57.1197 -22.8387 28.2873
33052 0.0088 -0.0024 1.0044 -17.3950 4.4556 -3.2959 -19.2162 56.9434 -22.6683 28.2933
33132 0.0059 -0.0034 1.0098 -1.3428 -14.3433 4.4556 -19.2162 56.9434 -22.6683 28.3112
33212 0.0112 -0.0435 0.9966 -7.0190 -5.6763 2.0142 -17.8058 56.5908 -24.3727 28.3082
33292 0.0171 -0.0190 1.0112 10.4980 -10.1318 9.4604 -17.8058 55.8856 -24.7136 28.2992
33372 0.0400 -0.0005 0.9922 9.8267 -12.4512 -1.6479 -17.8058 55.8856 -24.7136 28.3142
33452 0.0747 -0.0117 0.9736 1.6479 -14.8315 -2.1362 -18.6873 53.9464 -23.8614 28.3142
33532 0.4844 0.6318 0.9146 28.6865 -4.6997 -200.3784 -17.8058 54.1227 -24.3727 28.3232
33612 0.0732 0.0366 1.0195 33.9966 -12.7563 10.4370 -17.8058 54.1227 -24.3727 28.3562
33692 0.0903 0.0376 0.9946 -0.0610 -12.0239 2.4414 -20.8029 52.5360 -25.5658 28.3442
33772 0.0903 0.0347 1.0020 17.2119 -8.5449 -3.2349 -20.8029 52.5360 -25.5658 28.3562
33852 0.0952 0.0762 0.9917 4.6387 8.2397 -32.4707 -19.7451 52.5360 -25.2249 28.3771
33932 0.0908 0.0562 0.9966 -11.6577 6.5308 -35.5225 -22.2132 53.5938 -24.5431 28.3681
34012 0.0586 0.0347 1.0317 -28.2593 34.7900 -10.3760 -22.2132 53.5938 -24.5431 28.3741
34092 0.0342 0.0195 0.9922 -10.3149 16.6016 -0.8545 -17.9821 56.7671 -23.1796 28.4071
34172 0.0303 -0.0254 0.9775 -8.2397 14.9536 -3.1128 -17.8058 59.0590 -23.3501 28.4041
34252 -0.0103 -0.0117 1.0039 -4.3335 -6.7139 1.7090 -17.8058 59.0590 -23.3501 28.3921
34332 -0.0034 -0.0322 0.9995 -0.9766 -5.4932 1.7700 -17.9821 59.5878 -23.8614 28.4041
34412 0.0264 -0.0381 0.9858 0.8545 -12.5122 1.0376 -19.5688 60.1167 -21.3048 28.4161
34492 0.0278 -0.0254 1.0166 -3.2349 -2.8076 3.7842 -19.5688 60.1167 -21.3048 28.4280
34572 0.0181 -0.0332 0.9692 -1.3428 -2.5024 0.9155 -17.4532 57.2960 -22.3274 28.4280
34652 0.0234 -0.0391 1.0068 -4.2114 4.8828 0.7935 -17.4532 57.2960 -22.3274 28.4131
34732 0.0269 -0.0381 0.9756 -3.7842 -3.6011 4.3945 -17.8058 58.3538 -21.6457 28.4490
34812 0.0244 -0.0322 0.9946 -3.1738 -2.1973 1.5259 -16.3955 57.6486 -23.3501 28.4430
34892 0.0342 -0.0532 1.0166 -0.1221 -0.7935 0.6714 -16.3955 57.6486 -23.3501 28.4310
34972 -0.0088 -0.0503 0.9775 -0.6714 -0.7935 3.3569 -16.3955 58.7064 -22.3274 28.4340
35052 0.0156 -0.0381 1.0146 -0.9766 -0.0610 -0.3052 -17.8058 57.6486 -21.3048 28.4430
35132 0.0591 -0.0435 0.9873 -3.6621 -0.8545 1.0376 -17.8058 57.6486 -21.3048 28.4221
35212 0.0313 -0.0659 0.9902 -0.1831 -4.2114 -0.2441 -15.6903 57.6486 -21.3048 28.4280
35292 0.0298 -0.0688 1.0078 -0.9155 -2.1973 2.5635 -15.6903 57.6486 -21.3048 28.4490
35372 0.0278 -0.0488 0.9819 -1.3428 -0.5493 2.5024 -15.1614 56.4145 -20.7935 28.4400
35452 0.0640 -0.0562 1.0015 -2.0752 -1.4038 0.7935 -16.3955 56.5908 -23.3501 28.4640
35532 0.0352 -0.0649 0.9912 -0.7324 1.2207 -1.7090 -16.3955 56.5908 -23.3501 28.4430
35612 0.0439 -0.0635 0.9961 -1.2207 -0.2441 0.4272 -16.2192 55.3568 -22.4979 28.4550