3219,-0.0659,1.0093,0.1028,0.3662,-0.1831,-0.2747,-18.639,17.621,-75.241,83.713,1.0166,0,0,0,0
3319,-0.0649,1.0068,0.1013,0.3967,-0.1526,-0.1831,-18.639,17.621,-75.241,83.443,1.014,0,0,0,0
3419,-0.0667,1.0095,0.1021,0.6409,-0.061,-0.3052,-18.281,17.981,-73.508,83.755,1.0169,0,0,0,0
3519,-0.0647,1.0078,0.1038,0.5188,-0.1526,-0.1526,-17.743,18.161,-76.108,83.781,1.0152,0,0,0,0
3619,-0.0662,1.0078,0.1018,0.5188,-0.061,-0.3052,-19.177,17.082,-73.681,83.617,1.0151,0,0,0,0
3719,-0.0627,1.0093,0.1072,0.3967,-0.1221,-0.3052,-17.206,19.06,-73.854,83.649,1.0169,0,0,0,0
3819,-0.0649,1.009,0.1011,0.4883,0.0305,-0.2441,-17.206,19.06,-73.854,83.736,1.0162,0,0,0,0
3919,-0.0652,1.0081,0.1028,0.4578,-0.1831,-0.1526,-16.309,18.52,-73.334,83.779,1.0154,0,0,0,0
4019,-0.0657,1.0085,0.1045,0.4883,-0.1526,-0.3662,-18.819,17.082,-75.415,83.736,1.0161,0,0,0,0
4119,-0.0654,1.0085,0.104,0.4883,-0.061,-0.2136,-17.922,17.621,-74.894,83.551,1.016,0,0,0,0
4219,-0.0652,1.0095,0.1035,0.5798,-0.061,-0.2136,-17.743,18.88,-76.455,83.612,1.0169,0,0,0,0
4319,-0.0654,1.0078,0.1033,0.4272,-0.1831,-0.3357,-17.743,18.88,-76.455,83.792,1.0152,0,0,0,0
4419,-0.0669,1.0085,0.1047,0.5493,-0.1831,-0.2747,-17.026,18.161,-74.721,83.654,1.0162,0,0,0,0
4521,-0.064,1.0088,0.1023,0.4272,-0.1221,-0.2441,-18.998,17.981,-74.548,83.683,1.016,0,0,0,0
4621,-0.0649,1.0095,0.1018,0.3967,-0.1831,-0.1221,-16.847,18.341,-74.548,83.757,1.0167,0,0,0,0
4721,-0.0632,1.0066,0.1099,0.5493,-0.061,-0.3052,-17.206,15.823,-74.894,83.728,1.0145,0,0,0,0
4822,-0.0657,1.0083,0.1013,0.3967,-0.1526,-0.2136,-17.206,15.823,-74.894,83.591,1.0155,0,0,0,0
4922,-0.0642,1.0098,0.1028,0.3967,-0.0305,-0.2441,-18.102,17.801,-75.068,83.62,1.017,0,0,0,0
5022,-0.064,1.0107,0.0991,0.4578,-0.1831,-0.2136,-17.922,18.7,-74.548,83.485,1.0176,0,0,0,0
5122,-0.0664,1.0081,0.1113,0.4883,0.0305,-0.2441,-19.356,18.341,-75.935,83.8,1.0164,0,0,0,0
5222,-0.0662,1.01,0.1062,0.5493,-0.1221,-0.1221,-18.46,17.082,-75.068,83.665,1.0177,0,0,0,0
5322,-0.0671,1.0088,0.1013,0.4272,0.0305,-0.2441,-18.46,17.082,-75.068,83.57,1.0161,0,0,0,0
5422,-0.0664,1.009,0.1008,0.3967,-0.1526,-0.2441,-18.46,18.52,-74.721,83.66,1.0162,0,0,0,0
5522,-0.0664,1.0066,0.105,0.3967,-0.0916,-0.2747,-17.922,17.981,-74.548,83.496,1.0142,0,0,0,0
5622,-0.0632,1.0083,0.1016,0.3967,-0.0305,-0.1831,-17.385,19.24,-73.681,83.554,1.0154,0,0,0,0
5722,-0.0659,1.0083,0.1033,0.4578,-0.2136,-0.2747,-17.385,19.24,-73.681,83.763,1.0157,0,0,0,0
5822,-0.0664,1.0073,0.1035,0.5493,-0.061,-0.1526,-17.026,17.801,-74.721,83.699,1.0148,0,0,0,0
5922,-0.0637,1.0107,0.1018,0.5493,-0.0916,-0.1831,-17.743,16.363,-75.415,83.715,1.0179,0,0,0,0
6022,-0.0635,1.0093,0.1052,0.5798,-0.061,-0.2136,-17.206,17.621,-74.201,83.641,1.0167,0,0,0,0
6122,-0.0693,1.009,0.1064,0.4578,-0.2136,-0.1831,-16.489,19.779,-73.854,83.432,1.017,0,0,0,0
6222,-0.0596,1.0078,0.1062,0.6104,-0.1831,-0.1526,-16.489,19.779,-73.854,83.744,1.0151,0,0,0,0
6322,-0.0659,1.0076,0.0984,0.5188,-0.061,-0.2747,-16.668,18.52,-74.374,83.625,1.0145,0,0,0,0
6422,-0.0613,1.0081,0.1042,0.3967,-0.2136,-0.1526,-17.564,18.7,-74.894,83.744,1.0153,0,0,0,0
6522,-0.0645,1.0078,0.1047,0.4578,-0.1831,-0.2747,-17.922,18.341,-75.935,83.491,1.0153,0,0,0,0
6622,-0.0654,1.0098,0.105,0.4578,-0.061,-0.3052,-19.356,18.7,-76.281,83.67,1.0173,0,0,0,0
6722,-0.0637,1.0107,0.1079,0.4272,-0.0305,-0.2136,-19.356,18.7,-76.281,83.562,1.0185,0,0,0,0
6822,-0.0671,1.0085,0.0957,0.5188,-0.1526,-0.2441,-18.639,18.341,-76.281,83.731,1.0153,0,0,0,0
6922,-0.0674,1.0093,0.1001,0.4272,-0.1526,-0.1831,-17.743,16.722,-75.068,84.027,1.0165,0,0,0,0
7022,-0.0657,1.0083,0.1062,0.3967,-0.1221,-0.3052,-18.998,18.7,-73.161,83.654,1.016,0,0,0,0
7122,-0.0659,1.01,0.1057,0.4272,-0.0305,-0.3357,-17.026,17.801,-75.068,83.789,1.0177,0,0,0,0
7222,-0.0647,1.0073,0.1057,0.4578,-0.0916,-0.2441,-17.026,17.801,-75.068,84.037,1.0149,0,0,0,0
7322,-0.0676,1.0093,0.1079,0.5493,-0.061,-0.2136,-18.819,18.52,-75.068,83.739,1.0173,0,0,0,0
7422,-0.0671,1.0078,0.1038,0.4272,-0.1526,-0.2441,-18.281,16.543,-76.281,83.604,1.0154,0,0,0,0
7522,-0.0632,1.0071,0.1038,0.5188,-0.0305,-0.3357,-18.998,19.06,-74.548,83.89,1.0144,0,0,0,0
7622,-0.0684,1.0083,0.0999,0.3662,-0.1831,-0.3052,-18.998,18.341,-72.814,84.053,1.0155,0,0,0,0
7723,-0.062,1.0085,0.1057,0.4272,-0.0305,-0.2441,-18.998,18.341,-72.814,83.826,1.016,0,0,0,0
7823,-0.0674,1.0078,0.1086,0.5188,-0.1831,-0.1831,-17.743,18.161,-75.761,83.512,1.0159,0,0,0,0
7923,-0.0642,1.0103,0.1018,0.5188,-0.1221,-0.2441,-18.281,17.262,-75.241,83.768,1.0174,0,0,0,0
8023,-0.0623,1.0076,0.1047,0.4272,-0.0305,-0.2747,-16.489,17.981,-73.854,83.993,1.0149,0,0,0,0
8123,-0.0691,1.0088,0.1072,0.5493,-0.1221,-0.2747,-16.489,17.981,-73.854,83.974,1.0168,0,0,0,0
8223,-0.063,1.0081,0.1069,0.4578,-0.1831,-0.1831,-17.206,20.139,-73.508,83.689,1.0157,0,0,0,0
8323,-0.0667,1.0085,0.1025,0.4578,0.0916,-0.2441,-16.668,18.88,-75.761,83.839,1.0159,0,0,0,0
8423,-0.0664,1.0098,0.1057,0.4272,-0.1221,-0.1221,-18.998,17.981,-74.201,83.839,1.0175,0,0,0,0
8523,-0.0637,1.0085,0.1033,0.4578,-0.0916,-0.2747,-16.668,18.52,-75.761,83.734,1.0158,0,0,0,0
8623,-0.0645,1.009,0.1018,0.2747,-0.061,-0.1831,-16.668,18.52,-75.761,83.85,1.0162,0,0,0,0
8723,-0.0649,1.0071,0.1028,0.4883,-0.1831,-0.2747,-17.564,17.981,-74.894,83.821,1.0144,0,0,0,0
8823,-0.0642,1.0071,0.1033,0.4272,-0.1221,-0.1221,-17.385,17.442,-76.108,83.85,1.0144,0,0,0,0
8923,-0.0674,1.01,0.1033,0.4272,-0.0305,-0.2441,-17.922,17.621,-74.548,83.895,1.0175,0,0,0,0
9023,-0.0601,1.0093,0.1079,0.5493,-0.2136,-0.3052,-17.564,17.621,-75.588,83.895,1.0168,0,0,0,0
9123,-0.0671,1.0088,0.1018,0.3967,-0.1831,-0.1831,-17.564,17.621,-75.588,83.966,1.0161,0,0,0,0
9223,-0.0645,1.0081,0.1055,0.4578,0,-0.0916,-18.46,18.52,-74.374,83.937,1.0156,0,0,0,0
9323,-0.0654,1.0095,0.1042,0.4578,-0.061,-0.2136,-18.281,19.779,-73.854,83.744,1.017,0,0,0,0
9423,-0.0667,1.0085,0.104,0.4883,-0.3052,-0.3662,-17.385,18.161,-74.028,83.773,1.0161,0,0,0,0
9523,-0.0664,1.0081,0.104,0.5188,-0.061,-0.3052,-17.743,18.161,-75.068,83.607,1.0156,0,0,0,0
9623,-0.0679,1.0088,0.105,0.3967,0.0305,-0.2136,-17.743,18.161,-75.068,83.665,1.0165,0,0,0,0
9723,-0.0642,1.0112,0.1003,0.4883,-0.1831,-0.1221,-17.026,17.442,-75.415,83.726,1.0182,0,0,0,0
9823,-0.0645,1.0095,0.1045,0.5493,-0.1221,-0.1526,-17.385,18.161,-75.415,83.845,1.017,0,0,0,0
9923,-0.0662,1.0112,0.1023,0.3662,-0.1831,-0.2136,-17.922,17.262,-74.548,83.8,1.0185,0,0,0,0
10023,-0.0637,1.009,0.0999,0.4578,0.0916,-0.3052,-17.743,18.88,-73.334,83.742,1.016,0,0,0,0
10123,-0.0645,1.0081,0.1069,0.4272,-0.1526,-0.1831,-17.743,18.88,-73.334,83.559,1.0158,0,0,0,0
10223,-0.0627,1.0095,0.1067,0.4272,0.0916,-0.1221,-16.668,18.52,-74.721,83.382,1.0171,0,0,0,0
10323,-0.0652,1.009,0.1008,0.4883,-0.0916,-0.1831,-17.385,17.801,-74.721,83.337,1.0162,0,0,0,0
10423,-0.0667,1.0088,0.1079,0.3967,-0.2136,-0.2747,-16.13,17.981,-75.588,83.575,1.0167,0,0,0,0
10523,-0.064,1.0046,0.1057,0.4272,-0.1221,-0.2747,-16.13,17.981,-75.588,83.62,1.0122,0,0,0,0
10624,-0.0654,1.0085,0.1008,0.4578,-0.061,-0.2441,-17.743,18.161,-74.721,83.337,1.0157,0,0,0,0
10724,-0.0652,1.0068,0.1023,0.5188,-0.1526,-0.2136,-17.743,17.801,-75.761,83.662,1.0141,0,0,0,0
10824,-0.0654,1.0085,0.1055,0.5188,-0.1831,-0.2136,-18.102,17.442,-74.721,83.382,1.0162,0,0,0,0
10924,-0.0654,1.0088,0.1052,0.5493,-0.0305,-0.1221,-16.309,18.161,-73.334,83.649,1.0164,0,0,0,0
11024,-0.0654,1.0081,0.1025,0.4578,-0.0305,-0.2441,-16.309,18.161,-73.334,83.528,1.0154,0,0,0,0
11124,-0.0659,1.0098,0.1025,0.3967,-0.0916,-0.2747,-17.385,18.52,-74.374,83.662,1.0171,0,0,0,0
11224,-0.0645,1.0107,0.1047,0.4272,-0.1831,-0.061,-19.715,16.183,-74.201,83.496,1.0182,0,0,0,0
11324,-0.0659,1.0085,0.103,0.4578,-0.0305,-0.2441,-17.206,18.7,-73.854,83.823,1.0159,0,0,0,0
11424,-0.0662,1.0078,0.1091,0.4578,-0.1526,-0.2136,-18.281,18.341,-75.241,83.631,1.0159,0,0,0,0
11524,-0.063,1.0073,0.1062,0.3967,-0.1831,-0.2747,-18.281,18.341,-75.241,83.749,1.0149,0,0,0,0
11624,-0.0659,1.0076,0.1001,0.5798,-0.0916,-0.1526,-17.922,19.419,-75.935,83.454,1.0147,0,0,0,0
11724,-0.0635,1.0085,0.1062,0.5493,-0.061,-0.1831,-17.743,17.801,-74.028,83.657,1.0161,0,0,0,0
11824,-0.0664,1.0105,0.1033,0.4578,-0.1526,-0.2747,-18.281,19.419,-74.894,83.554,1.0179,0,0,0,0
11924,-0.0635,1.0093,0.1025,0.3967,-0.1526,-0.2136,-17.743,17.442,-74.374,83.641,1.0165,0,0,0,0
12024,-0.0667,1.0081,0.104,0.4578,-0.1526,-0.1526,-17.743,17.442,-74.374,83.599,1.0156,0,0,0,0
12124,-0.0642,1.0088,0.1055,0.3967,-0.1221,-0.2441,-17.564,18.341,-75.588,83.419,1.0163,0,0,0,0
12224,-0.0659,1.0088,0.1013,0.3967,-0.2136,-0.1831,-17.564,18.7,-74.894,83.641,1.016,0,0,0,0
12324,-0.064,1.0085,0.104,0.5188,-0.061,-0.2441,-18.281,19.419,-73.508,83.628,1.0159,0,0,0,0
12424,-0.0657,1.0083,0.1033,0.4578,-0.061,-0.2747,-18.281,19.419,-73.508,83.776,1.0157,0,0,0,0
12524,-0.0642,1.01,0.1042,0.3967,-0.2136,-0.2441,-17.206,18.7,-74.548,83.612,1.0174,0,0,0,0
12624,-0.0674,1.01,0.1035,0.5188,-0.2136,-0.1831,-16.489,17.981,-75.588,83.837,1.0175,0,0,0,0
12724,-0.0654,1.0066,0.104,0.3967,-0.1221,-0.2747,-17.206,19.419,-73.854,83.673,1.0141,0,0,0,0
12824,-0.0662,1.0088,0.1064,0.4272,-0.2136,-0.2136,-17.743,18.52,-73.334,83.683,1.0165,0,0,0,0
12931,-0.0654,1.0112,0.1033,0.4272,-0.0916,-0.2747,-17.743,17.801,-73.681,83.609,1.0186,0,0,0,0
13031,-0.0681,1.0088,0.1013,0.4272,-0.061,-0.3052,-17.743,17.801,-73.681,83.506,1.0161,0,0,0,0
13131,-0.0671,1.0103,0.1023,0.4883,-0.1526,-0.1221,-17.743,17.801,-75.415,83.559,1.0176,0,0,0,0
13231,-0.0649,1.0103,0.1033,0.3662,-0.1831,-0.1831,-18.102,16.363,-74.028,83.52,1.0176,0,0,0,0
13331,-0.0667,1.0078,0.1021,0.3967,0,-0.2136,-17.026,17.801,-74.721,83.699,1.0152,0,0,0,0
13431,-0.0627,1.0093,0.1033,0.5798,-0.061,-0.1831,-17.026,17.801,-74.721,83.565,1.0165,0,0,0,0
13531,-0.0662,1.0071,0.1016,0.4578,-0.1221,-0.3662,-16.847,17.262,-74.548,83.427,1.0143,0,0,0,0
13631,-0.0657,1.0078,0.1045,0.4578,-0.1221,-0.2441,-17.385,19.24,-75.068,83.713,1.0153,0,0,0,0
13731,-0.0674,1.0085,0.1057,0.4883,-0.0916,-0.2136,-17.564,17.981,-74.894,83.813,1.0163,0,0,0,0
13831,-0.0649,1.0076,0.103,0.3967,-0.1526,-0.2441,-17.206,17.981,-73.854,83.739,1.0149,0,0,0,0
13931,-0.0667,1.0093,0.0974,0.4883,-0.0916,-0.1831,-17.206,17.981,-73.854,83.802,1.0162,0,0,0,0
14031,-0.0645,1.0098,0.1057,0.4883,-0.2136,-0.3052,-18.102,18.88,-74.721,83.678,1.0173,0,0,0,0
14131,-0.0667,1.0093,0.1006,0.5188,-0.0916,-0.2441,-17.564,16.902,-75.935,83.649,1.0165,0,0,0,0
14231,-0.0637,1.0085,0.1069,0.4578,-0.2136,-0.1831,-18.281,18.7,-75.241,83.831,1.0162,0,0,0,0
14331,-0.0671,1.0085,0.1023,0.3967,-0.1526,-0.2136,-18.102,18.88,-74.374,83.752,1.0159,0,0,0,0
14431,-0.0642,1.0073,0.1016,0.5188,-0.1831,-0.2136,-18.102,18.88,-74.374,83.647,1.0145,0,0,0,0
14531,-0.0684,1.0063,0.1013,0.3967,-0.1221,-0.2747,-18.281,17.981,-74.894,83.512,1.0137,0,0,0,0
14631,-0.063,1.0093,0.1084,0.5188,-0.1831,-0.2747,-18.102,17.801,-74.721,83.826,1.017,0,0,0,0
14731,-0.0647,1.0076,0.105,0.3967,-0.0916,-0.2136,-16.489,18.341,-75.241,83.454,1.0151,0,0,0,0
14833,-0.0659,1.0088,0.1035,0.4272,-0.1831,-0.2441,-17.743,17.801,-74.374,83.81,1.0162,0,0,0,0
14934,-0.0637,1.0081,0.1011,0.5188,-0.2441,-0.2441,-17.743,17.801,-74.374,83.689,1.0151,0,0,0,0
15034,-0.0649,1.0073,0.1067,0.4578,-0.1831,-0.2136,-17.922,19.419,-73.854,83.707,1.015,0,0,0,0
15134,-0.0647,1.0081,0.1025,0.4272,-0.2441,-0.1526,-18.46,16.003,-75.761,83.617,1.0153,0,0,0,0
15234,-0.0645,1.0085,0.1013,0.6104,-0.061,-0.2136,-18.819,18.161,-74.028,83.512,1.0157,0,0,0,0
15334,-0.0657,1.009,0.1074,0.3967,-0.1526,-0.3052,-17.922,18.341,-74.894,83.599,1.0169,0,0,0,0
15434,-0.0657,1.0076,0.1074,0.4272,-0.1221,-0.1831,-17.922,18.341,-74.894,83.676,1.0154,0,0,0,0
15534,-0.0657,1.0076,0.1052,0.3967,-0.1221,-0.1526,-16.489,18.7,-74.548,83.557,1.0152,0,0,0,0
15634,-0.0632,1.0078,0.1038,0.3662,-0.0916,-0.3052,-18.281,17.981,-74.894,83.813,1.0151,0,0,0,0
15734,-0.0647,1.0105,0.1016,0.3967,-0.1221,-0.2136,-17.564,18.7,-74.894,83.707,1.0176,0,0,0,0
15834,-0.0649,1.009,0.1021,0.5188,-0.061,-0.2441,-17.564,18.7,-74.894,83.345,1.0163,0,0,0,0
15934,-0.0647,1.0073,0.1023,0.4272,-0.1831,-0.2136,-18.639,17.262,-74.201,83.631,1.0146,0,0,0,0
16034,-0.0679,1.01,0.1011,0.4578,-0.2441,-0.2136,-18.46,17.082,-74.721,83.913,1.0173,0,0,0,0
16134,-0.0664,1.0071,0.105,0.3967,-0.0305,-0.2136,-17.206,19.06,-75.588,83.628,1.0147,0,0,0,0
16234,-0.0667,1.0103,0.105,0.4578,-0.061,-0.1831,-19.715,16.902,-74.894,83.956,1.0179,0,0,0,0
16334,-0.0645,1.0073,0.1003,0.4883,-0.0916,-0.2441,-19.715,16.902,-74.894,83.913,1.0144,0,0,0,0
16434,-0.0664,1.0063,0.1013,0.4883,-0.1221,-0.2441,-18.102,17.801,-74.374,83.866,1.0136,0,0,0,0
16534,-0.0647,1.0066,0.106,0.4578,0.0305,-0.2441,-18.46,17.082,-75.415,83.702,1.0142,0,0,0,0
16634,-0.0652,1.0076,0.1042,0.4883,-0.0916,-0.1831,-17.743,17.082,-74.374,83.686,1.015,0,0,0,0
16734,-0.0652,1.009,0.1074,0.4883,-0.061,-0.2136,-16.847,16.543,-74.201,83.879,1.0168,0,0,0,0
16834,-0.0667,1.0098,0.1035,0.3357,-0.061,-0.1221,-16.847,16.543,-74.201,83.866,1.0172,0,0,0,0
16934,-0.0647,1.0078,0.1082,0.5188,-0.2136,-0.1221,-17.922,15.823,-74.201,83.657,1.0157,0,0,0,0
17034,-0.0647,1.0093,0.1021,0.4578,-0.0916,-0.2136,-18.281,17.981,-75.588,83.808,1.0165,0,0,0,0
17134,-0.0664,1.0098,0.1057,0.4883,0,-0.2441,-17.922,17.981,-74.201,83.776,1.0175,0,0,0,0
17234,-0.0647,1.0093,0.1094,0.3967,-0.2747,-0.3052,-17.026,20.319,-75.415,83.837,1.0172,0,0,0,0
17334,-0.0676,1.0112,0.0989,0.5188,-0.0916,-0.2747,-17.026,20.319,-75.415,83.821,1.0183,0,0,0,0
17434,-0.0625,1.0083,0.1077,0.3967,-0.0305,-0.2136,-16.847,17.621,-73.854,83.567,1.016,0,0,0,0
17534,-0.0674,1.0085,0.0994,0.4883,0,-0.2441,-17.564,19.06,-75.935,83.477,1.0157,0,0,0,0
17634,-0.0647,1.0085,0.1047,0.5493,-0.1526,-0.3052,-18.998,19.779,-74.894,83.787,1.016,0,0,0,0
17734,-0.0684,1.0098,0.1018,0.3357,-0.1831,-0.2136,-18.998,19.779,-74.894,83.683,1.0172,0,0,0,0
17835,-0.062,1.0081,0.1035,0.5188,0.0916,-0.1526,-17.026,18.52,-72.987,83.805,1.0153,0,0,0,0
17935,-0.0681,1.0105,0.1021,0.3662,-0.2441,-0.2136,-16.847,17.262,-75.588,83.731,1.0179,0,0,0,0
18035,-0.0625,1.0088,0.1008,0.5188,0.061,-0.2747,-16.489,17.621,-75.588,83.718,1.0157,0,0,0,0
18135,-0.0671,1.0081,0.1094,0.4578,-0.0916,-0.1221,-17.743,19.959,-74.028,83.773,1.0162,0,0,0,0
18235,-0.0647,1.0078,0.1038,0.4883,-0.2441,-0.1831,-17.743,19.959,-74.028,83.628,1.0152,0,0,0,0
18335,-0.0664,1.0081,0.1025,0.3967,-0.061,-0.1221,-18.639,18.341,-74.201,83.744,1.0154,0,0,0,0
18435,-0.0635,1.0085,0.1038,0.3967,-0.2441,-0.3052,-17.922,18.341,-76.281,83.876,1.0159,0,0,0,0
18535,-0.063,1.0125,0.1028,0.3662,0,-0.2136,-17.743,17.082,-74.374,83.831,1.0196,0,0,0,0
18635,-0.0667,1.0073,0.1064,0.4883,-0.061,-0.2441,-17.385,18.52,-76.455,83.638,1.0151,0,0,0,0
18735,-0.0635,1.0073,0.1052,0.4578,-0.3967,-0.2747,-17.385,18.52,-76.455,83.609,1.0148,0,0,0,0
18835,-0.0662,1.0095,0.1011,0.5798,0.061,-0.1831,-16.668,17.801,-74.721,83.713,1.0167,0,0,0,0
18935,-0.0642,1.0081,0.1062,0.4578,-0.2136,-0.2441,-17.743,17.442,-77.148,83.58,1.0157,0,0,0,0
19035,-0.0664,1.0105,0.0994,0.3967,-0.061,-0.2747,-18.819,18.161,-75.068,83.699,1.0175,0,0,0,0
19135,-0.0662,1.0095,0.0994,0.4883,-0.061,-0.1526,-17.385,17.801,-73.681,83.446,1.0166,0,0,0,0
19235,-0.0642,1.0093,0.1055,0.5798,-0.2136,-0.1831,-17.385,17.801,-73.681,83.58,1.0168,0,0,0,0
19335,-0.0649,1.0078,0.1023,0.5188,-0.061,-0.2441,-18.102,18.52,-74.721,83.543,1.0151,0,0,0,0
19435,-0.0662,1.0095,0.1021,0.4883,-0.1221,-0.1526,-18.102,17.801,-74.374,83.771,1.0168,0,0,0,0
19535,-0.0625,1.0093,0.1052,0.4883,-0.1526,-0.2747,-19.356,17.981,-75.241,83.609,1.0167,0,0,0,0
19635,-0.0669,1.0076,0.1006,0.3662,-0.1831,-0.2441,-17.922,17.621,-75.588,83.652,1.0148,0,0,0,0
19735,-0.0659,1.0088,0.1033,0.4578,-0.0916,-0.3052,-17.922,17.621,-75.588,83.607,1.0162,0,0,0,0
19835,-0.0659,1.0076,0.1016,0.3967,-0.1526,-0.2441,-17.385,18.161,-74.374,83.665,1.0148,0,0,0,0
19935,-0.0659,1.0076,0.1018,0.5798,0,-0.2441,-17.206,17.262,-75.588,83.607,1.0148,0,0,0,0
20035,-0.0635,1.0085,0.1047,0.3967,-0.2136,-0.1526,-17.743,18.88,-74.374,83.726,1.016,0,0,0,0
20135,-0.0649,1.0105,0.1028,0.4272,-0.061,-0.3662,-17.743,18.88,-74.374,83.591,1.0178,0,0,0,0
20235,-0.062,1.0073,0.1052,0.3967,-0.0916,-0.1831,-18.639,18.341,-74.201,83.818,1.0147,0,0,0,0
20335,-0.0654,1.0085,0.1013,0.4578,-0.1831,-0.1831,-17.922,18.341,-74.548,83.607,1.0157,0,0,0,0
20435,-0.0654,1.0105,0.104,0.3357,0.0916,-0.2136,-16.847,17.981,-73.854,83.533,1.0179,0,0,0,0
20535,-0.0659,1.0105,0.1064,0.4883,-0.1526,-0.2441,-16.13,18.341,-74.894,83.517,1.0182,0,0,0,0
20635,-0.0669,1.0085,0.1035,0.5188,-0.1526,-0.1831,-16.13,18.341,-74.894,83.755,1.016,0,0,0,0
20736,-0.0664,1.0076,0.0999,0.5493,0,-0.2136,-18.281,17.621,-73.854,83.755,1.0147,0,0,0,0
20836,-0.0659,1.0085,0.1008,0.4883,-0.0916,-0.2747,-17.922,17.981,-73.854,83.71,1.0157,0,0,0,0
20936,-0.0662,1.011,0.1003,0.5493,-0.1831,-0.2441,-17.564,18.7,-75.241,83.752,1.0181,0,0,0,0
21036,-0.0652,1.0095,0.1064,0.5493,-0.3052,-0.1831,-17.564,17.981,-75.588,83.813,1.0172,0,0,0,0
21136,-0.0659,1.0103,0.105,0.4578,0.0916,-0.2441,-17.564,17.981,-75.588,83.678,1.0178,0,0,0,0
21236,-0.0654,1.0095,0.1028,0.3662,-0.1526,-0.2747,-17.564,17.981,-74.894,83.797,1.0168,0,0,0,0
21336,-0.0632,1.0076,0.1018,0.5798,-0.3052,-0.1221,-18.46,17.801,-74.374,83.826,1.0147,0,0,0,0
21436,-0.0659,1.0103,0.1055,0.5493,-0.2441,-0.3662,-17.206,18.7,-74.201,83.736,1.0179,0,0,0,0
21536,-0.0652,1.0071,0.106,0.4578,0.0305,-0.2136,-18.281,17.262,-74.894,83.66,1.0147,0,0,0,0
21636,-0.0667,1.0107,0.0974,0.4272,-0.1221,-0.1831,-18.281,17.262,-74.894,83.62,1.0176,0,0,0,0
21736,-0.0654,1.009,0.1038,0.4883,-0.3967,-0.3357,-17.026,16.363,-74.374,83.633,1.0165,0,0,0,0
21836,-0.0671,1.0063,0.1074,0.4272,0,-0.2747,-18.281,16.902,-74.201,83.689,1.0143,0,0,0,0
21936,-0.0659,1.0098,0.0994,0.3357,-0.0916,-0.2441,-17.564,17.262,-74.201,83.512,1.0168,0,0,0,0
22036,-0.0632,1.011,0.0996,0.5493,-0.1831,-0.1526,-18.102,18.52,-74.374,83.649,1.0178,0,0,0,0
22136,-0.0671,1.009,0.1067,0.5188,-0.4578,-0.2136,-18.102,18.52,-74.374,83.797,1.0169,0,0,0,0
22236,-0.0642,1.0105,0.1028,0.4272,-0.0305,-0.1221,-18.281,18.341,-73.854,83.602,1.0177,0,0,0,0
22336,-0.0657,1.0076,0.1001,0.4272,0.061,-0.0916,-16.668,18.88,-76.802,83.768,1.0147,0,0,0,0
22436,-0.0652,1.0078,0.1089,0.4578,-0.3967,-0.2441,-17.206,17.981,-74.894,83.496,1.0158,0,0,0,0
22536,-0.0671,1.0095,0.1052,0.5188,-0.1526,-0.1831,-17.206,17.981,-74.894,83.588,1.0172,0,0,0,0
22636,-0.064,1.009,0.1047,0.6104,-0.1221,-0.1526,-17.564,17.981,-73.854,83.377,1.0165,0,0,0,0
22736,-0.0635,1.0083,0.1013,0.4272,-0.3052,-0.3052,-18.46,18.161,-75.761,83.66,1.0154,0,0,0,0
22836,-0.0647,1.0076,0.1011,0.4272,-0.1221,-0.1526,-17.206,18.7,-73.854,83.66,1.0147,0,0,0,0
22936,-0.0657,1.0061,0.1096,0.4272,-0.2136,-0.2747,-18.281,18.7,-73.854,83.615,1.0142,0,0,0,0
23036,-0.0667,1.0083,0.0999,0.3052,0,-0.2747,-18.281,18.7,-73.854,83.808,1.0154,0,0,0,0
23136,-0.0664,1.01,0.1084,0.6409,-0.1221,-0.1526,-18.639,17.262,-74.201,83.731,1.018,0,0,0,0
23236,-0.0659,1.0088,0.1035,0.4272,-0.2441,-0.2747,-16.489,17.621,-75.935,83.615,1.0162,0,0,0,0
23336,-0.0662,1.0103,0.1025,0.4272,-0.1526,-0.1526,-16.668,19.599,-76.108,83.853,1.0176,0,0,0,0
23436,-0.0649,1.0088,0.1077,0.5493,-0.3357,-0.1831,-17.385,18.88,-73.681,83.808,1.0166,0,0,0,0
23536,-0.0649,1.0093,0.0986,0.3967,-0.2441,-0.2441,-17.385,18.88,-73.681,83.702,1.0162,0,0,0,0
23636,-0.0662,1.0061,0.1021,0.5798,-0.2136,-0.1831,-18.639,17.262,-74.201,83.477,1.0134,0,0,0,0
23736,-0.0649,1.0103,0.105,0.5493,-0.0305,-0.1526,-18.102,18.52,-75.761,83.676,1.0178,0,0,0,0
23836,-0.0635,1.0085,0.1018,0.4883,-0.1221,-0.3052,-17.564,19.06,-73.508,83.583,1.0157,0,0,0,0
23936,-0.0642,1.0083,0.1013,0.5188,-0.3052,-0.2136,-17.564,17.981,-74.201,83.686,1.0154,0,0,0,0
24036,-0.0647,1.0103,0.1052,0.4272,-0.1221,-0.2747,-17.564,17.981,-74.201,84.03,1.0178,0,0,0,0
24136,-0.0669,1.01,0.103,0.4883,-0.1526,-0.2136,-17.026,18.161,-73.334,84.061,1.0175,0,0,0,0
24236,-0.0645,1.0078,0.1021,0.4883,-0.2747,-0.2136,-19.356,18.7,-75.241,84.148,1.015,0,0,0,0
24336,-0.0657,1.0088,0.1052,0.4272,-0.1526,-0.1831,-17.564,18.341,-73.161,83.85,1.0164,0,0,0,0
24436,-0.0674,1.0103,0.1069,0.5493,0.061,-0.2136,-16.489,17.621,-75.241,83.76,1.0181,0,0,0,0
24536,-0.0669,1.0095,0.1006,0.4578,-0.2136,-0.2136,-16.489,17.621,-75.241,83.879,1.0167,0,0,0,0
24636,-0.0637,1.0078,0.1035,0.4883,-0.1831,-0.2747,-16.309,19.24,-74.721,83.805,1.0151,0,0,0,0
24736,-0.0637,1.0095,0.104,0.4578,-0.0305,-0.2441,-17.743,17.442,-74.721,83.702,1.0169,0,0,0,0
24836,-0.0667,1.0117,0.1028,0.3967,-0.061,-0.2136,-17.564,17.981,-75.241,83.446,1.0191,0,0,0,0
24936,-0.0647,1.0115,0.1038,0.4272,-0.1526,-0.2747,-17.564,17.981,-75.241,83.742,1.0188,0,0,0,0
25036,-0.0662,1.0095,0.1057,0.4578,-0.2136,-0.2136,-17.564,19.419,-74.894,83.85,1.0172,0,0,0,0
25139,-0.0654,1.0093,0.1047,0.4272,-0.1526,-0.0305,-17.564,17.981,-75.588,83.596,1.0168,0,0,0,0
25239,-0.0657,1.0083,0.1025,0.4578,-0.1831,-0.2136,-18.998,18.341,-74.894,83.773,1.0156,0,0,0,0
25339,-0.0657,1.0095,0.1042,0.4578,-0.1831,-0.3052,-18.46,17.082,-74.028,83.757,1.017,0,0,0,0
25439,-0.0652,1.0098,0.1033,0.3967,-0.0305,-0.1526,-18.46,17.082,-74.028,83.697,1.0171,0,0,0,0
25539,-0.0654,1.0071,0.1028,0.4272,-0.061,-0.2136,-17.743,18.52,-74.721,83.472,1.0144,0,0,0,0
25639,-0.0667,1.0068,0.1001,0.5188,-0.1526,-0.1221,-18.281,19.06,-74.201,83.612,1.014,0,0,0,0
25739,-0.0654,1.009,0.1045,0.5493,-0.1526,-0.2136,-17.922,18.7,-73.508,83.757,1.0165,0,0,0,0
25839,-0.064,1.0098,0.1067,0.5493,-0.1526,-0.2747,-18.46,17.442,-72.641,83.757,1.0174,0,0,0,0
25939,-0.0669,1.0085,0.1047,0.4883,-0.1526,-0.2136,-18.46,17.442,-72.641,83.535,1.0162,0,0,0,0
26039,-0.0645,1.011,0.1057,0.4883,-0.1831,-0.2136,-17.385,18.161,-75.415,83.818,1.0185,0,0,0,0
26139,-0.0669,1.0105,0.1023,0.4578,-0.1526,-0.2136,-18.102,18.161,-75.415,83.578,1.0179,0,0,0,0
26240,-0.0632,1.0107,0.1033,0.5188,-0.0916,-0.2747,-18.102,18.161,-74.374,83.594,1.018,0,0,0,0
26340,-0.0654,1.0093,0.1047,0.5798,-0.1831,-0.2441,-17.385,18.88,-74.721,83.546,1.0168,0,0,0,0
26440,-0.0627,1.0085,0.1016,0.6714,-0.1526,-0.1526,-17.385,18.88,-74.721,83.787,1.0156,0,0,0,0
26540,-0.0659,1.0085,0.1111,0.3662,-0.061,-0.0916,-18.46,18.52,-75.415,83.565,1.0168,0,0,0,0
26640,-0.0671,1.0085,0.1013,0.4272,-0.3052,-0.1831,-16.489,19.419,-74.548,83.462,1.0158,0,0,0,0
26740,-0.0645,1.01,0.1025,0.5188,-0.1221,-0.1831,-18.102,18.161,-74.721,83.446,1.0172,0,0,0,0
26840,-0.0637,1.0073,0.1033,0.3967,-0.061,-0.2136,-18.102,17.442,-74.374,83.591,1.0146,0,0,0,0
26940,-0.0664,1.0081,0.1038,0.5188,-0.0305,-0.2441,-18.102,17.442,-74.374,83.591,1.0156,0,0,0,0
27040,-0.0654,1.0081,0.1033,0.4272,-0.1831,-0.2136,-17.922,18.7,-75.241,83.652,1.0154,0,0,0,0
27140,-0.0674,1.0093,0.1072,0.3662,-0.0916,-0.1831,-16.847,17.981,-74.894,83.742,1.0172,0,0,0,0
27240,-0.0642,1.0071,0.1038,0.5188,0.0305,-0.1831,-16.668,18.88,-75.068,83.652,1.0144,0,0,0,0
27340,-0.0654,1.0093,0.1033,0.4272,-0.1831,-0.1526,-16.668,18.88,-75.068,83.681,1.0167,0,0,0,0
27440,-0.0671,1.0078,0.0986,0.5798,0,-0.1221,-18.46,18.88,-74.028,83.366,1.0149,0,0,0,0
27540,-0.0664,1.0093,0.1013,0.3662,-0.1221,-0.2136,-17.206,17.981,-73.508,83.469,1.0165,0,0,0,0
27640,-0.0627,1.0093,0.1035,0.4883,-0.1221,-0.061,-19.177,18.52,-75.068,83.469,1.0165,0,0,0,0
27740,-0.0654,1.0088,0.1047,0.3052,-0.1221,-0.1831,-18.639,19.06,-74.201,83.573,1.0163,0,0,0,0
27840,-0.0645,1.0071,0.1018,0.4883,-0.1221,-0.2747,-18.639,19.06,-74.201,83.694,1.0143,0,0,0,0
27940,-0.0652,1.0081,0.1064,0.3357,-0.1526,-0.1526,-18.102,19.599,-74.374,83.591,1.0158,0,0,0,0
28040,-0.0647,1.009,0.1023,0.4883,-0.1221,-0.1831,-19.356,17.621,-74.894,83.57,1.0163,0,0,0,0
28140,-0.0654,1.0051,0.1011,0.4578,-0.1831,-0.1526,-18.281,19.06,-74.894,83.676,1.0123,0,0,0,0
28240,-0.0676,1.0081,0.1052,0.3662,-0.1526,-0.2136,-17.922,17.621,-75.935,83.422,1.0158,0,0,0,0
28340,-0.0669,1.0076,0.0999,0.4883,-0.1526,-0.2441,-17.922,17.621,-75.935,83.586,1.0147,0,0,0,0
28440,-0.0652,1.0112,0.1077,0.5188,-0.1526,-0.2136,-19.177,18.88,-74.721,83.512,1.019,0,0,0,0
28540,-0.0659,1.0088,0.1033,0.3967,-0.2441,-0.2441,-19.356,19.779,-75.241,83.554,1.0162,0,0,0,0
28640,-0.0652,1.0093,0.1021,0.3967,-0.1526,-0.2441,-17.026,18.88,-74.374,83.348,1.0165,0,0,0,0
28740,-0.0652,1.0083,0.1047,0.4578,-0.1526,-0.2441,-18.639,18.341,-73.508,83.919,1.0158,0,0,0,0
28840,-0.0674,1.0071,0.1052,0.4272,-0.0916,-0.1831,-18.639,18.341,-73.508,83.823,1.0148,0,0,0,0
28940,-0.0637,1.0066,0.1045,0.3662,-0.1526,-0.3052,-18.102,19.599,-72.987,83.691,1.014,0,0,0,0
29040,-0.0645,1.009,0.1008,0.4883,-0.0916,-0.2441,-17.385,17.442,-74.374,83.734,1.0161,0,0,0,0
29140,-0.064,1.0103,0.1045,0.4578,-0.0916,-0.2441,-17.743,18.52,-74.374,83.821,1.0177,0,0,0,0
29240,-0.0664,1.01,0.1021,0.4272,-0.061,-0.1526,-17.206,18.341,-74.201,83.763,1.0173,0,0,0,0
29340,-0.0657,1.0098,0.1016,0.4883,-0.1221,-0.0916,-17.206,18.341,-74.201,83.779,1.017,0,0,0,0
29440,-0.0649,1.0103,0.1008,0.5188,-0.0305,-0.2441,-16.309,17.801,-74.374,83.522,1.0173,0,0,0,0
29540,-0.0654,1.0078,0.1062,0.3052,-0.1221,-0.1831,-17.743,19.24,-75.068,83.522,1.0155,0,0,0,0
29640,-0.0647,1.0078,0.1008,0.3967,-0.061,-0.0916,-18.102,18.88,-76.108,83.464,1.0149,0,0,0,0
29740,-0.0659,1.0083,0.1035,0.4578,-0.061,-0.2136,-18.102,18.88,-76.108,83.879,1.0157,0,0,0,0
29840,-0.0652,1.0095,0.105,0.4578,-0.1831,-0.2136,-17.385,18.161,-75.415,83.374,1.0171,0,0,0,0
29940,-0.0654,1.0076,0.105,0.4578,-0.1831,-0.1831,-19.535,17.442,-74.374,83.419,1.0151,0,0,0,0
30040,-0.0671,1.0095,0.1067,0.5188,-0.1831,-0.2136,-17.564,18.341,-73.854,83.942,1.0174,0,0,0,0
30140,-0.0654,1.0081,0.1074,0.3967,-0.1221,-0.1526,-17.564,17.981,-74.201,83.749,1.0159,0,0,0,0
30240,-0.0657,1.01,0.1023,0.5188,-0.0916,-0.2747,-17.564,17.981,-74.201,83.673,1.0173,0,0,0,0
30340,-0.0647,1.0078,0.104,0.4272,-0.061,-0.1831,-17.743,18.52,-75.415,83.837,1.0152,0,0,0,0
30440,-0.0647,1.0093,0.1023,0.3357,-0.1221,-0.2136,-18.46,17.801,-75.415,83.567,1.0165,0,0,0,0
30540,-0.0654,1.009,0.1069,0.3662,-0.1526,-0.2136,-17.564,18.7,-74.201,83.879,1.0168,0,0,0,0
30640,-0.0684,1.0112,0.105,0.3967,-0.0916,-0.2136,-18.281,18.341,-74.894,83.657,1.019,0,0,0,0
30740,-0.0652,1.0073,0.1025,0.4578,-0.0916,-0.1831,-18.281,18.341,-74.894,83.417,1.0146,0,0,0,0
30840,-0.0669,1.009,0.106,0.4883,-0.2136,-0.1831,-16.489,17.981,-74.548,83.805,1.0168,0,0,0,0
30940,-0.0664,1.0066,0.0994,0.4272,0.0305,-0.2136,-17.743,16.722,-75.415,83.953,1.0137,0,0,0,0
31040,-0.0664,1.0103,0.1028,0.5188,-0.1526,-0.1831,-17.206,19.06,-74.548,83.847,1.0176,0,0,0,0
31140,-0.0657,1.0093,0.1025,0.5798,-0.1526,-0.1831,-18.281,18.7,-75.241,84.027,1.0166,0,0,0,0
31240,-0.0637,1.0071,0.0999,0.4883,-0.061,-0.1831,-18.281,18.7,-75.241,83.742,1.014,0,0,0,0
31340,-0.0652,1.0083,0.1001,0.3967,-0.0916,-0.2136,-17.743,18.161,-74.721,83.535,1.0154,0,0,0,0
31440,-0.0649,1.0098,0.1011,0.4578,-0.1221,-0.1831,-18.281,18.7,-75.241,83.728,1.0169,0,0,0,0
31540,-0.064,1.0105,0.1062,0.4272,-0.3052,-0.1526,-18.998,18.341,-73.161,83.52,1.0181,0,0,0,0
31640,-0.0654,1.0088,0.1023,0.5493,-0.0916,-0.1526,-18.998,18.341,-73.161,83.504,1.0161,0,0,0,0
31740,-0.0657,1.0103,0.1008,0.4578,-0.2441,-0.2441,-16.847,17.621,-73.854,83.52,1.0174,0,0,0,0
31840,-0.0647,1.0098,0.1001,0.4578,-0.2441,-0.2441,-18.819,18.52,-74.721,83.668,1.0168,0,0,0,0
31940,-0.0674,1.0078,0.1025,0.4578,-0.2136,-0.2441,-17.026,18.161,-75.415,83.591,1.0153,0,0,0,0
32040,-0.0649,1.009,0.1057,0.4272,0.0305,-0.2136,-16.668,18.52,-74.028,83.417,1.0166,0,0,0,0
32140,-0.0674,1.0098,0.1006,0.5188,-0.1526,-0.1831,-16.668,18.52,-74.028,83.609,1.017,0,0,0,0
32240,-0.0652,1.0085,0.1038,0.5798,-0.1526,-0.1831,-17.922,19.419,-74.548,83.62,1.016,0,0,0,0
32340,-0.0654,1.0081,0.1023,0.3357,-0.061,-0.1831,-17.922,19.419,-73.508,83.607,1.0153,0,0,0,0
32440,-0.0645,1.0095,0.1042,0.4578,-0.0916,-0.1831,-17.743,18.161,-74.721,83.728,1.0169,0,0,0,0
32540,-0.0642,1.0103,0.1011,0.3967,-0.2441,-0.2441,-17.743,18.161,-74.374,83.652,1.0173,0,0,0,0
32640,-0.0642,1.0098,0.1035,0.4578,-0.061,-0.2441,-17.743,18.161,-74.374,83.742,1.0171,0,0,0,0
32740,-0.0657,1.0095,0.105,0.4578,-0.0305,-0.3052,-17.385,19.24,-75.068,83.636,1.0171,0,0,0,0
32840,-0.0657,1.0093,0.0999,0.4272,-0.1526,-0.2747,-18.281,18.7,-76.281,83.562,1.0163,0,0,0,0
32940,-0.0671,1.0083,0.1035,0.4883,-0.0305,-0.1831,-17.564,17.621,-73.854,83.757,1.0158,0,0,0,0
33040,-0.0654,1.01,0.1008,0.3662,-0.0916,-0.2747,-17.206,17.262,-74.201,83.681,1.0171,0,0,0,0
33140,-0.0657,1.0073,0.1028,0.4578,-0.1831,-0.2136,-17.206,17.262,-74.201,83.728,1.0147,0,0,0,0
33240,-0.0649,1.0093,0.1035,0.4883,-0.061,-0.2136,-18.46,18.52,-75.415,83.757,1.0166,0,0,0,0
33340,-0.0647,1.01,0.1042,0.3662,-0.1526,-0.2136,-17.743,18.161,-75.415,83.591,1.0174,0,0,0,0
33440,-0.0647,1.0098,0.1038,0.4272,-0.1526,-0.2441,-18.639,17.621,-74.894,83.71,1.0171,0,0,0,0
33540,-0.064,1.0112,0.1016,0.3662,-0.0916,-0.2441,-17.026,17.442,-74.374,83.723,1.0183,0,0,0,0
33640,-0.064,1.0083,0.1052,0.4578,0,-0.1526,-17.026,17.442,-74.374,83.95,1.0158,0,0,0,0
33740,-0.0649,1.0105,0.1025,0.4272,-0.0916,-0.2747,-17.564,18.341,-74.894,83.874,1.0178,0,0,0,0
33840,-0.0674,1.0095,0.1038,0.4272,-0.1526,-0.2747,-17.026,17.442,-74.721,83.802,1.0171,0,0,0,0
33940,-0.0654,1.0103,0.1062,0.4272,-0.2441,-0.2441,-17.385,17.801,-75.068,83.787,1.0179,0,0,0,0
34040,-0.0679,1.0107,0.1025,0.5188,0.0305,-0.1831,-17.385,17.801,-75.068,84.053,1.0182,0,0,0,0
34140,-0.062,1.0095,0.1028,0.4883,-0.2441,-0.1526,-19.356,17.621,-73.854,83.932,1.0166,0,0,0,0
34240,-0.0679,1.0073,0.103,0.4578,-0.1831,-0.2441,-17.743,17.082,-75.761,83.71,1.0149,0,0,0,0
34340,-0.0637,1.0071,0.1042,0.5188,0,-0.2441,-17.385,18.161,-74.721,83.623,1.0145,0,0,0,0
34440,-0.0671,1.01,0.1077,0.4578,0.1221,-0.2441,-17.743,17.442,-74.028,83.71,1.0179,0,0,0,0
34540,-0.0649,1.0098,0.1062,0.2747,-0.3357,-0.1221,-17.743,17.442,-74.028,83.818,1.0174,0,0,0,0
34640,-0.0691,1.0098,0.1016,0.3662,-0.061,-0.1831,-16.668,17.082,-75.068,83.71,1.0172,0,0,0,0
34740,-0.0642,1.0083,0.1064,0.3967,-0.2136,-0.2136,-18.998,19.779,-75.241,83.874,1.0159,0,0,0,0
34840,-0.0659,1.0095,0.1016,0.4883,-0.0916,-0.3357,-17.922,18.341,-74.548,83.8,1.0168,0,0,0,0
34940,-0.0649,1.009,0.1057,0.5493,-0.2747,-0.2441,-17.922,17.262,-74.548,84.067,1.0166,0,0,0,0
35040,-0.0679,1.0107,0.1047,0.4578,-0.2747,-0.2441,-17.922,17.262,-74.548,83.633,1.0184,0,0,0,0
35140,-0.0664,1.0093,0.1018,0.3662,0.0305,-0.1526,-18.102,17.442,-74.374,83.874,1.0166,0,0,0,0
35240,-0.0676,1.0083,0.1018,0.3662,-0.1526,-0.061,-18.639,16.183,-75.241,83.723,1.0157,0,0,0,0
35344,-0.064,1.01,0.1045,0.3357,-0.1526,-0.2136,-17.922,17.621,-74.201,83.514,1.0174,0,0,0,0
35444,-0.064,1.009,0.1045,0.4272,-0.0916,-0.1831,-18.281,19.06,-73.161,83.781,1.0164,0,0,0,0
35544,-0.0637,1.0085,0.1028,0.3967,0.061,-0.2747,-18.281,19.06,-73.161,83.826,1.0158,0,0,0,0
35644,-0.0625,1.0095,0.1025,0.4272,-0.2747,-0.2136,-17.385,18.88,-74.374,83.871,1.0166,0,0,0,0
35744,-0.0662,1.0083,0.1038,0.4883,-0.0916,-0.2441,-18.102,19.24,-74.374,83.974,1.0158,0,0,0,0
35844,-0.0664,1.0083,0.103,0.4883,-0.1221,-0.2441,-18.46,18.52,-73.334,83.602,1.0157,0,0,0,0
35944,-0.0645,1.0107,0.1047,0.5798,-0.0305,-0.0916,-18.639,16.902,-75.241,83.765,1.0182,0,0,0,0
36044,-0.0654,1.0095,0.1033,0.4883,-0.2441,-0.2747,-18.639,16.902,-75.241,83.649,1.0169,0,0,0,0
36144,-0.0647,1.0088,0.1025,0.3967,-0.061,-0.1831,-16.847,17.262,-73.508,83.913,1.016,0,0,0,0
36244,-0.0652,1.0073,0.1057,0.6104,-0.1526,-0.2441,-17.385,16.722,-75.068,83.543,1.015,0,0,0,0
36344,-0.0647,1.0103,0.1047,0.3967,-0.061,-0.2136,-18.46,18.161,-74.721,83.647,1.0177,0,0,0,0
36444,-0.0669,1.0085,0.1045,0.3052,-0.0916,-0.2441,-18.46,18.161,-74.721,83.855,1.0161,0,0,0,0
36544,-0.063,1.011,0.0977,0.4578,-0.1221,-0.1526,-18.639,18.7,-74.894,83.781,1.0176,0,0,0,0
36644,-0.0664,1.0081,0.1047,0.3662,0.1526,-0.1526,-18.102,18.88,-73.681,83.721,1.0157,0,0,0,0
36744,-0.0667,1.0095,0.1016,0.3662,-0.3357,-0.1831,-18.281,18.7,-74.548,83.647,1.0168,0,0,0,0
36844,-0.0674,1.0073,0.104,0.4883,0,-0.2441,-18.819,17.801,-75.068,83.855,1.0149,0,0,0,0
36944,-0.0671,1.0076,0.103,0.5188,-0.1831,-0.1526,-18.819,17.801,-75.068,83.792,1.015,0,0,0,0
37044,-0.0664,1.0115,0.1008,0.4272,-0.1221,-0.0916,-18.46,18.88,-74.028,83.853,1.0187,0,0,0,0
37144,-0.0669,1.0078,0.1001,0.4883,-0.2136,-0.1831,-17.564,18.7,-75.935,83.765,1.015,0,0,0,0
37244,-0.0652,1.0078,0.1062,0.3357,-0.0916,-0.0916,-17.206,17.981,-76.281,83.837,1.0155,0,0,0,0
37344,-0.0659,1.0107,0.1062,0.4272,-0.061,-0.1526,-17.026,18.52,-75.068,84.048,1.0184,0,0,0,0
37444,-0.064,1.0105,0.0999,0.3357,-0.3052,-0.1526,-17.026,18.52,-75.068,83.927,1.0174,0,0,0,0
37544,-0.0642,1.0125,0.1008,0.3967,-0.1221,-0.2136,-18.998,17.981,-73.508,83.853,1.0195,0,0,0,0
37644,-0.0632,1.0125,0.104,0.5188,0,-0.0916,-17.385,17.442,-74.721,83.961,1.0197,0,0,0,0
37744,-0.0657,1.0088,0.1042,0.4883,-0.3357,-0.2441,-17.564,17.981,-75.241,83.837,1.0163,0,0,0,0
37844,-0.0664,1.0107,0.1042,0.3052,-0.061,-0.0916,-17.026,18.52,-74.028,83.808,1.0183,0,0,0,0
37944,-0.0659,1.0105,0.1008,0.3967,-0.0305,-0.061,-17.026,18.52,-74.028,83.974,1.0177,0,0,0,0
38044,-0.0659,1.0107,0.0977,0.5188,-0.1526,-0.2441,-17.922,16.902,-74.201,83.689,1.0176,0,0,0,0
38144,-0.0652,1.0083,0.1055,0.4578,0,-0.1526,-17.385,17.801,-74.374,83.66,1.0159,0,0,0,0
38244,-0.0676,1.0085,0.1055,0.3967,-0.1831,-0.1221,-18.639,17.981,-75.241,83.792,1.0163,0,0,0,0
38344,-0.0627,1.0083,0.0979,0.4578,0,-0.1526,-16.847,18.341,-75.935,83.797,1.015,0,0,0,0
38444,-0.0681,1.0066,0.1011,0.5493,-0.4578,-0.2136,-16.847,18.341,-75.935,83.897,1.0139,0,0,0,0
38544,-0.0679,1.0095,0.1013,0.4272,0.2136,-0.2136,-16.489,19.419,-75.588,83.927,1.0169,0,0,0,0
38644,-0.0657,1.0083,0.1047,0.4883,-0.0916,-0.1831,-17.026,16.722,-76.108,83.821,1.0159,0,0,0,0
38744,-0.0625,1.01,0.1033,0.4578,-0.1831,-0.2747,-17.564,17.981,-75.241,83.972,1.0172,0,0,0,0
38844,-0.0657,1.01,0.1016,0.3662,-0.1831,-0.2136,-17.564,17.981,-75.241,84.151,1.0172,0,0,0,0
38944,-0.0659,1.0107,0.1011,0.5188,-0.061,-0.1526,-17.564,19.06,-77.322,83.731,1.0179,0,0,0,0
39044,-0.0654,1.0088,0.106,0.4578,-0.0916,-0.1526,-17.743,18.88,-74.374,83.866,1.0164,0,0,0,0
39144,-0.0649,1.01,0.1011,0.5188,-0.061,-0.1526,-18.102,19.24,-73.681,83.927,1.0171,0,0,0,0
39244,-0.0647,1.0098,0.106,0.5188,-0.0916,-0.3052,-18.46,18.52,-75.068,83.837,1.0174,0,0,0,0
39344,-0.0662,1.0115,0.1033,0.3967,0.0305,-0.2441,-18.46,18.52,-75.068,83.779,1.0189,0,0,0,0
39444,-0.0649,1.0073,0.105,0.5493,-0.1526,-0.2136,-16.668,18.52,-74.374,83.715,1.0149,0,0,0,0
39544,-0.0652,1.0107,0.1018,0.4272,-0.1831,-0.2747,-17.922,17.621,-74.894,83.763,1.0179,0,0,0,0
39644,-0.0662,1.0093,0.1047,0.4272,-0.061,-0.2136,-17.922,18.7,-73.854,83.879,1.0169,0,0,0,0
39744,-0.0669,1.0083,0.1047,0.3967,-0.1221,-0.1831,-16.847,17.262,-74.894,83.94,1.0159,0,0,0,0
39844,-0.0664,1.0078,0.106,0.5188,-0.1221,-0.1221,-16.847,17.262,-74.894,83.998,1.0155,0,0,0,0
39944,-0.0632,1.0085,0.1016,0.5188,-0.1831,-0.1831,-20.073,17.981,-74.548,83.879,1.0156,0,0,0,0
40044,-0.0647,1.0081,0.1033,0.5493,0,-0.3052,-19.356,17.981,-75.588,83.94,1.0154,0,0,0,0
40144,-0.0645,1.0085,0.1038,0.4578,-0.2136,-0.1526,-18.102,17.801,-74.721,83.927,1.0159,0,0,0,0
40244,-0.064,1.011,0.1035,0.6409,-0.0916,-0.2747,-17.743,17.082,-75.068,83.834,1.0183,0,0,0,0
40344,-0.064,1.0073,0.1016,0.4272,-0.061,-0.1831,-17.743,17.082,-75.068,83.789,1.0144,0,0,0,0
40444,-0.0649,1.0078,0.1008,0.4272,0,-0.2136,-17.922,16.543,-75.935,84.056,1.0149,0,0,0,0
40544,-0.0649,1.0085,0.1021,0.4272,-0.0916,-0.2136,-16.668,17.442,-74.028,83.834,1.0158,0,0,0,0
40644,-0.0645,1.0083,0.1021,0.4272,-0.0916,-0.2441,-17.743,17.442,-72.987,84.251,1.0155,0,0,0,0
40744,-0.0627,1.011,0.106,0.5493,-0.0305,-0.1831,-16.309,17.442,-75.068,83.95,1.0185,0,0,0,0
40844,-0.0684,1.0088,0.1016,0.4578,-0.2441,-0.2747,-16.309,17.442,-75.068,84.027,1.0162,0,0,0,0
40944,-0.0647,1.0088,0.1045,0.5188,-0.0305,-0.1526,-18.639,19.419,-74.894,84.043,1.0162,0,0,0,0
41044,-0.0667,1.0085,0.1016,0.4883,-0.3052,-0.0916,-18.102,18.52,-74.028,84.011,1.0158,0,0,0,0
41144,-0.0669,1.0093,0.1052,0.4578,-0.0916,-0.2441,-16.668,18.52,-74.374,84.069,1.017,0,0,0,0
41244,-0.0645,1.0081,0.1006,0.4272,0.0305,-0.1526,-16.668,18.52,-74.374,84.043,1.0151,0,0,0,0
41344,-0.0652,1.0071,0.1035,0.4272,-0.2136,-0.2136,-18.819,19.599,-74.028,83.935,1.0145,0,0,0,0
41444,-0.0664,1.0088,0.1064,0.3662,-0.1526,-0.2441,-18.102,16.363,-76.108,83.713,1.0166,0,0,0,0
41544,-0.0667,1.0083,0.106,0.4272,-0.0305,-0.1831,-17.564,19.06,-74.201,83.845,1.016,0,0,0,0
41644,-0.0647,1.0085,0.105,0.4272,-0.061,-0.2441,-17.922,17.621,-74.548,84.027,1.0161,0,0,0,0
41744,-0.0669,1.011,0.1021,0.5188,-0.1221,-0.2441,-17.922,17.621,-74.548,84.056,1.0183,0,0,0,0
41844,-0.0645,1.009,0.105,0.3967,0.061,-0.1221,-16.847,17.262,-73.508,84.175,1.0165,0,0,0,0
41944,-0.0657,1.0068,0.1055,0.4578,-0.1831,-0.2441,-17.385,18.52,-74.374,83.979,1.0145,0,0,0,0
42044,-0.0642,1.0085,0.1018,0.4883,-0.2441,-0.1831,-18.819,17.801,-74.721,83.771,1.0157,0,0,0,0
42144,-0.0647,1.01,0.1033,0.4883,-0.061,-0.2136,-16.847,18.7,-74.548,83.816,1.0173,0,0,0,0
42244,-0.0664,1.0095,0.1035,0.4578,-0.0916,-0.3052,-16.847,18.7,-74.548,83.697,1.017,0,0,0,0
42344,-0.0635,1.0088,0.1035,0.4578,0.061,-0.3052,-18.102,17.442,-74.028,83.905,1.0161,0,0,0,0
42444,-0.0664,1.0115,0.1011,0.4883,-0.1831,-0.1526,-18.998,16.902,-74.201,83.813,1.0187,0,0,0,0
42544,-0.0652,1.0107,0.1033,0.5188,-0.061,-0.2136,-17.385,17.442,-75.068,83.842,1.0181,0,0,0,0
42644,-0.0645,1.0093,0.1045,0.5493,-0.1526,-0.1526,-18.102,18.52,-74.721,83.845,1.0167,0,0,0,0
42744,-0.0667,1.012,0.0977,0.4883,-0.1526,-0.1831,-18.102,18.52,-74.721,83.802,1.0188,0,0,0,0
42844,-0.0635,1.01,0.1025,0.4272,-0.1526,-0.1831,-16.847,19.779,-73.508,83.802,1.0172,0,0,0,0
42944,-0.0654,1.0081,0.1072,0.4883,-0.1526,-0.3052,-17.564,17.262,-74.894,83.784,1.0158,0,0,0,0
43044,-0.0662,1.009,0.1035,0.3357,-0.1221,-0.1526,-18.281,19.06,-73.161,83.694,1.0165,0,0,0,0
43144,-0.063,1.0051,0.1016,0.4578,0.0305,-0.3052,-18.281,18.341,-74.201,83.623,1.0122,0,0,0,0
43244,-0.0659,1.0081,0.1062,0.5188,-0.0305,-0.1526,-18.281,18.341,-74.201,83.617,1.0158,0,0,0,0
43344,-0.0671,1.0076,0.1016,0.4578,-0.0305,-0.2747,-17.922,17.262,-74.548,83.858,1.0149,0,0,0,0
43444,-0.0625,1.0078,0.1003,0.4272,-0.1221,-0.2747,-17.743,19.599,-76.455,83.633,1.0147,0,0,0,0
43544,-0.0659,1.0105,0.1047,0.4272,0.0305,-0.2136,-18.819,19.24,-74.028,83.966,1.018,0,0,0,0
43644,-0.0674,1.0066,0.1052,0.4272,-0.1221,-0.1831,-18.819,19.24,-74.028,83.736,1.0143,0,0,0,0
43744,-0.0674,1.011,0.095,0.3967,-0.1831,-0.1831,-16.847,18.341,-74.201,83.813,1.0177,0,0,0,0
43844,-0.0637,1.0098,0.1013,0.4883,0.1526,-0.1526,-16.847,16.902,-75.935,83.713,1.0168,0,0,0,0
43944,-0.0681,1.0071,0.1072,0.4578,-0.4883,-0.2747,-17.026,18.52,-74.721,83.784,1.0151,0,0,0,0
44044,-0.0601,1.009,0.105,0.3357,-0.2441,-0.3052,-17.385,19.959,-74.374,84.096,1.0163,0,0,0,0
44144,-0.0657,1.0083,0.0999,0.5188,0.061,-0.2136,-17.385,19.959,-74.374,83.874,1.0154,0,0,0,0
44244,-0.0679,1.0093,0.105,0.4883,-0.2136,-0.2136,-17.206,17.621,-73.854,84.199,1.017,0,0,0,0
44344,-0.0637,1.0076,0.1033,0.3052,-0.3662,-0.2441,-15.772,18.341,-74.548,83.691,1.0148,0,0,0,0
44444,-0.0623,1.0093,0.1016,0.4578,0.4272,-0.2441,-17.385,18.161,-74.721,83.81,1.0163,0,0,0,0
44544,-0.0659,1.0059,0.1086,0.3967,-0.2136,-0.2441,-16.668,18.161,-74.028,83.958,1.0139,0,0,0,0
44644,-0.0664,1.0103,0.1011,0.4578,-0.0916,-0.1221,-16.668,18.161,-74.028,83.707,1.0175,0,0,0,0
44744,-0.0654,1.0081,0.1072,0.4578,-0.061,-0.2441,-18.281,17.981,-74.894,83.8,1.0158,0,0,0,0
44844,-0.0642,1.0088,0.1016,0.3662,-0.1221,-0.3052,-15.951,17.442,-75.761,83.855,1.0159,0,0,0,0
44944,-0.0635,1.0098,0.1038,0.4578,0.1526,-0.2747,-18.998,19.06,-75.241,84.186,1.0171,0,0,0,0
45044,-0.0645,1.0088,0.1013,0.4272,-0.3662,-0.1526,-18.102,17.801,-75.068,83.932,1.0159,0,0,0,0
45144,-0.0645,1.0071,0.0981,0.2747,0,-0.3967,-18.102,17.801,-75.068,83.747,1.0139,0,0,0,0
45244,-0.0649,1.0093,0.1023,0.4272,-0.1831,-0.0305,-17.743,18.161,-73.681,83.974,1.0165,0,0,0,0
45344,-0.0625,1.0063,0.1101,0.4272,-0.0305,-0.1526,-17.743,18.161,-76.455,84.019,1.0143,0,0,0,0
45444,-0.0654,1.009,0.1042,0.4578,-0.2747,-0.1831,-18.281,17.621,-74.548,83.765,1.0165,0,0,0,0
45544,-0.064,1.0107,0.1047,0.5493,0.0916,-0.2136,-18.281,17.621,-74.548,83.855,1.0182,0,0,0,0
45646,-0.0671,1.0066,0.1074,0.4883,-0.3052,-0.1526,-17.922,19.419,-73.508,83.884,1.0145,0,0,0,0
45746,-0.0635,1.0088,0.1035,0.4578,0,-0.1831,-17.743,18.88,-75.068,83.911,1.0161,0,0,0,0
45846,-0.0662,1.0081,0.1025,0.3967,-0.1526,-0.2136,-18.639,16.902,-73.854,84.077,1.0154,0,0,0,0
45946,-0.0676,1.0083,0.1047,0.2747,-0.0305,-0.3052,-18.281,18.341,-74.548,83.792,1.016,0,0,0,0
46046,-0.0647,1.0095,0.1033,0.4578,-0.2747,-0.2441,-18.281,18.341,-74.548,83.676,1.0169,0,0,0,0
46146,-0.0671,1.009,0.1025,0.4272,-0.0305,-0.2136,-17.743,19.599,-74.028,83.823,1.0164,0,0,0,0
46246,-0.0659,1.0098,0.1038,0.5188,-0.0916,-0.1831,-18.281,17.262,-75.588,83.628,1.0172,0,0,0,0
46346,-0.0679,1.01,0.1028,0.4883,-0.0916,-0.2441,-18.281,17.621,-73.508,83.792,1.0175,0,0,0,0
46446,-0.0649,1.0105,0.1094,0.4883,-0.1221,-0.2441,-18.102,18.88,-75.068,83.797,1.0185,0,0,0,0
46546,-0.0669,1.009,0.1025,0.4272,-0.0916,-0.2747,-18.102,18.88,-75.068,83.718,1.0164,0,0,0,0
46646,-0.0667,1.009,0.1106,0.5188,-0.0305,-0.1831,-18.46,18.88,-75.068,83.657,1.0173,0,0,0,0
46746,-0.063,1.011,0.1023,0.4272,-0.2747,-0.2136,-16.847,17.621,-75.588,83.913,1.0181,0,0,0,0
46846,-0.0676,1.0076,0.1064,0.4272,0.0916,-0.1831,-19.177,18.52,-75.068,83.792,1.0154,0,0,0,0
46946,-0.0662,1.009,0.1089,0.4883,-0.1831,-0.1831,-17.385,18.161,-74.721,83.987,1.017,0,0,0,0
47046,-0.062,1.0081,0.104,0.5188,-0.0916,-0.2441,-17.385,18.161,-74.721,83.998,1.0153,0,0,0,0
47147,-0.0654,1.01,0.1035,0.3357,-0.061,-0.2136,-19.177,20.319,-75.415,84.061,1.0174,0,0,0,0
47247,-0.0632,1.0081,0.1089,0.4883,-0.1526,-0.2441,-17.922,17.981,-73.854,83.972,1.0159,0,0,0,0
47347,-0.0647,1.01,0.1047,0.4578,-0.1831,-0.1221,-18.819,17.082,-74.374,84.014,1.0175,0,0,0,0
47447,-0.0649,1.009,0.1047,0.3662,-0.0916,-0.2136,-17.206,17.621,-75.241,83.747,1.0165,0,0,0,0
47547,-0.0654,1.0081,0.1035,0.3662,-0.3052,-0.1831,-17.206,17.621,-75.241,83.808,1.0155,0,0,0,0
47647,-0.0674,1.0095,0.1013,0.4272,0,-0.1831,-18.102,18.52,-75.068,83.657,1.0168,0,0,0,0
47747,-0.064,1.0076,0.104,0.4272,-0.0916,-0.1831,-17.026,18.161,-75.415,83.969,1.0149,0,0,0,0
47847,-0.0676,1.01,0.1055,0.4883,-0.1526,-0.2441,-16.847,17.621,-76.281,83.837,1.0178,0,0,0,0
47947,-0.064,1.0098,0.1042,0.3662,-0.0916,-0.2441,-16.847,17.262,-75.588,83.834,1.0171,0,0,0,0
48047,-0.0652,1.0085,0.0977,0.3967,-0.0305,-0.2441,-16.847,17.262,-75.588,83.744,1.0154,0,0,0,0
48147,-0.0613,1.0093,0.1035,0.4272,-0.2747,-0.2747,-17.564,20.139,-74.548,83.609,1.0164,0,0,0,0
48247,-0.0691,1.0107,0.0996,0.3357,-0.0916,-0.2441,-18.46,17.082,-73.334,83.689,1.018,0,0,0,0
48347,-0.0647,1.0081,0.1045,0.4883,-0.1221,-0.2441,-17.206,17.621,-75.588,83.834,1.0155,0,0,0,0
48447,-0.0669,1.011,0.1006,0.4883,-0.0916,-0.2136,-17.206,17.621,-75.588,83.638,1.0182,0,0,0,0
48547,-0.0635,1.01,0.1013,0.4578,-0.1526,-0.0916,-18.639,19.779,-73.508,83.969,1.0171,0,0,0,0
48647,-0.0662,1.0093,0.1055,0.4578,-0.0305,-0.1526,-18.102,16.722,-76.802,83.742,1.0169,0,0,0,0
48747,-0.0671,1.0088,0.1077,0.4272,-0.0916,-0.1221,-17.743,17.442,-74.374,83.953,1.0167,0,0,0,0
48847,-0.0664,1.0105,0.105,0.5493,-0.0916,-0.0916,-17.026,17.801,-74.721,83.623,1.0181,0,0,0,0
48947,-0.0657,1.0076,0.105,0.5493,-0.1221,-0.1831,-17.026,17.801,-74.721,83.892,1.0151,0,0,0,0
49047,-0.0659,1.0088,0.103,0.4578,-0.0916,-0.2441,-17.206,17.621,-74.894,83.668,1.0162,0,0,0,0
49147,-0.0645,1.0073,0.1011,0.4883,-0.1221,-0.3052,-16.489,18.7,-74.548,83.728,1.0144,0,0,0,0
49247,-0.0654,1.0078,0.1013,0.4578,-0.1221,-0.1831,-17.385,17.442,-75.415,83.802,1.015,0,0,0,0
49347,-0.0647,1.0078,0.1052,0.5493,-0.0305,-0.2747,-18.46,18.52,-75.761,83.85,1.0154,0,0,0,0
49447,-0.0674,1.0071,0.1038,0.3967,-0.1221,-0.1221,-18.46,18.52,-75.761,83.969,1.0147,0,0,0,0
49547,-0.0625,1.0068,0.1023,0.3967,-0.061,-0.2441,-16.309,17.801,-74.721,83.892,1.0139,0,0,0,0
49647,-0.0657,1.0098,0.1033,0.3662,-0.0916,-0.2441,-19.177,18.88,-74.374,83.726,1.0172,0,0,0,0
49747,-0.0652,1.0081,0.104,0.4883,-0.0916,-0.1831,-17.922,19.779,-75.935,83.757,1.0155,0,0,0,0
49847,-0.0654,1.0088,0.1069,0.3662,-0.1221,-0.3357,-18.102,17.801,-75.761,83.713,1.0165,0,0,0,0
49947,-0.0637,1.0088,0.1028,0.4883,-0.1221,-0.2136,-18.102,17.801,-75.761,83.895,1.016,0,0,0,0
50048,-0.0645,1.0093,0.103,0.5493,-0.061,-0.2136,-18.281,19.06,-74.201,83.411,1.0166,0,0,0,0
50148,-0.0645,1.0085,0.0986,0.5188,-0.2441,-0.1526,-18.639,17.621,-74.201,83.831,1.0154,0,0,0,0
50248,-0.064,1.0112,0.1021,0.4883,-0.1221,-0.2747,-18.102,18.52,-74.721,83.654,1.0184,0,0,0,0
50348,-0.0662,1.0085,0.1038,0.4272,-0.1831,-0.2136,-18.281,17.262,-74.894,83.504,1.016,0,0,0,0
50448,-0.0637,1.0078,0.1104,0.4883,-0.2136,-0.2747,-18.281,17.262,-74.894,83.805,1.0158,0,0,0,0
50548,-0.0671,1.0095,0.1013,0.3967,-0.1831,-0.2136,-17.026,17.082,-74.374,83.757,1.0168,0,0,0,0
50648,-0.0649,1.0081,0.104,0.5493,-0.0916,-0.2441,-16.847,17.621,-74.548,83.62,1.0155,0,0,0,0
50748,-0.0664,1.012,0.1055,0.4272,-0.2441,-0.2136,-17.564,17.621,-75.588,83.802,1.0196,0,0,0,0
50848,-0.0671,1.0093,0.1057,0.4272,-0.1526,-0.2136,-17.564,17.621,-75.588,83.757,1.017,0,0,0,0
50948,-0.0667,1.0093,0.1011,0.3662,-0.1831,-0.2136,-18.46,18.161,-73.681,83.757,1.0165,0,0,0,0
51048,-0.0662,1.0088,0.1042,0.4883,-0.0305,-0.2747,-17.564,18.341,-74.548,83.89,1.0163,0,0,0,0
51148,-0.0662,1.01,0.103,0.3967,-0.1526,-0.2747,-18.102,17.082,-74.374,83.723,1.0174,0,0,0,0
51248,-0.0652,1.0078,0.1055,0.5188,0,-0.1831,-18.46,17.801,-75.068,83.89,1.0154,0,0,0,0
51348,-0.0671,1.0093,0.0989,0.4272,-0.061,-0.1526,-18.46,17.801,-75.068,83.816,1.0163,0,0,0,0
51448,-0.0647,1.0088,0.1064,0.5493,-0.1526,-0.2441,-18.46,17.082,-74.374,83.861,1.0165,0,0,0,0
51548,-0.0642,1.0095,0.1013,0.4272,-0.1526,-0.1526,-18.46,18.52,-73.681,83.845,1.0166,0,0,0,0
51648,-0.0659,1.0093,0.1055,0.3052,-0.0305,-0.2136,-19.356,17.981,-74.894,83.739,1.0169,0,0,0,0
51748,-0.0635,1.0081,0.1062,0.5188,-0.1526,-0.1526,-19.535,18.161,-74.028,83.787,1.0156,0,0,0,0
51848,-0.0659,1.0107,0.1028,0.3662,-0.1526,-0.1831,-19.535,18.161,-74.028,83.668,1.0181,0,0,0,0
51948,-0.0659,1.009,0.1028,0.4272,-0.1221,-0.2441,-18.102,18.161,-74.028,83.742,1.0164,0,0,0,0
52048,-0.0662,1.0103,0.0999,0.4883,0.061,-0.2441,-17.564,18.341,-74.894,83.694,1.0173,0,0,0,0
52148,-0.0625,1.0125,0.1155,0.2441,-0.2441,-0.1831,-18.46,18.52,-74.028,83.802,1.0209,0,0,0,0
52248,-0.1055,1.02,0.0054,0.7629,0.5493,-0.4578,-17.564,18.341,-75.588,83.858,1.0255,0,0,0,0
52348,-0.1257,1.7844,0.1169,-0.3357,-15.411,1.77,-17.564,18.341,-75.588,83.681,1.7927,83.681,0,0,1
52448,-0.0149,2.48,0.1174,-3.7537,-13.55,0.1831,-17.026,18.88,-73.334,83.935,2.4828,83.935,0,0,1
52548,0.0059,2.9819,0.1279,1.4343,-3.7231,-0.2136,-18.102,19.599,-72.294,83.829,2.9847,83.935,0,0,1
52648,-0.0652,3.4502,0.0784,-0.885,-10.254,-1.0986,-18.819,19.599,-73.334,84.233,3.4517,84.233,0,0,1
52748,-0.0188,3.8748,0.0947,0.1831,12.146,-0.8545,-18.819,19.599,-73.334,85.081,3.876,85.081,0,0,1
52848,-0.0215,4.4724,0.0032,-0.7629,36.194,0.3052,-17.743,20.319,-73.681,85.66,4.4725,85.66,0,0,1
52948,-0.0315,5.0571,0.1465,10.254,50.354,8.606,-18.281,18.7,-75.241,86.313,5.0593,86.313,0,0,1
53048,-0.0083,5.7937,0.0867,20.111,60.913,19.806,-17.385,14.205,-75.068,88.128,5.7944,88.128,0,0,1
53148,-0.0818,6.4712,0.1499,24.109,72.113,29.144,-17.564,7.552,-75.588,89.285,6.4734,89.285,0,0,1
53248,-0.0996,7.1274,0.1477,21.149,98.938,29.633,-17.564,7.552,-75.588,91.756,7.1297,91.756,0,0,1
53348,-0.0894,7.5349,0.2483,9.6436,124.57,20.691,-13.621,1.7981,-75.588,95.058,7.5395,95.058,0,0,1
53448,-0.1836,7.5261,0.2134,-2.4414,163.36,-2.8076,-11.291,-7.3722,-70.214,97.796,7.5314,97.796,0,0,1
53548,-0.1755,7.1467,0.1885,7.4768,199.65,-35.675,-12.366,-13.126,-59.465,100.28,7.1514,100.28,0,0,1
53648,-0.0493,5.9858,0.2263,26.398,244.2,-43.854,-14.159,-13.126,-44.555,102.74,5.9903,102.74,0,0,1
53748,0.0537,4.9348,0.354,28.351,296.69,-26.489,-14.159,-13.126,-44.555,107.7,4.9478,107.7,0,0,1
53848,0.021,4.2163,0.3777,1.3428,324.74,-21.057,-16.309,-3.776,-31.033,114.69,4.2332,114.69,0,0,1
53948,0.0051,3.6177,0.3037,-13.153,347.78,-36.316,-18.46,12.047,-22.364,117.53,3.6304,117.53,0,0,1
54048,0.1152,2.7878,0.2817,-5.3101,373.29,-38.849,-15.772,36.322,-28.085,121.52,2.8044,121.52,0,0,1
54148,0.1636,1.9082,0.293,-5.5237,389.65,-30.212,-16.668,48.009,-47.676,127.52,1.9375,127.52,0,0,1
54248,0.1243,1.1138,0.2349,-11.902,397.8,-25.574,-16.668,48.009,-47.676,133.44,1.145,133.44,0,0,1
54348,0.1296,0.5251,0.2339,-14.008,404.91,-30.731,-11.829,42.075,-70.387,140.21,0.5893,140.21,0,0,1
54448,0.1814,-0.0803,0.2017,-11.352,409.24,-31.647,-14.338,17.262,-80.789,144.83,0.2829,144.83,0,0,1
54548,0.208,-0.165,0.2437,-16.449,405.27,-26.184,-15.772,-5.0347,-64.493,151.45,0.3604,151.45,0,0,1
54648,0.1411,-0.1709,0.2219,-23.956,394.07,-26.428,-16.847,-8.9905,-39.528,158.39,0.3136,158.39,0,0,1
54748,0.1899,-0.1758,0.1833,-21.179,393.77,-32.959,-16.847,-8.9905,-39.528,164.07,0.3172,164.07,0,0,1
54848,0.1567,-0.1692,0.2129,-18.707,388.76,-27.679,-17.743,11.688,-22.364,171,0.3139,171,0,0,1
54948,0.1887,-0.1563,0.1836,-21.24,378.42,-26.489,-16.309,36.501,-25.832,176,0.3062,176,0,0,1
55048,0.1658,-0.1558,0.1812,-23.407,372.56,-21.881,-14.338,51.066,-44.382,182.58,0.2908,182.58,0,0,1
55148,0.1387,-0.1458,0.1335,-23.651,364.9,-22.736,-14.338,51.066,-44.382,188.25,0.2415,188.25,0,0,1
55248,0.1311,-0.1443,0.1133,-21.851,363.83,-20.569,-11.47,46.031,-68.307,193.97,0.2255,193.97,0,0,1
55348,0.1289,-0.1265,0.1345,-18.127,359.25,-16.907,-13.263,24.454,-82.523,200.16,0.2252,200.16,0,0,1
55448,0.1272,-0.1201,0.1287,-20.172,343.72,-14.557,-14.159,3.4164,-72.641,205,0.2172,205,0,0,1
55548,0.1216,-0.1133,0.104,-20.752,333.86,-14.71,-16.489,-8.9905,-53.397,210.61,0.196,210.61,0,0,1
55648,0.1025,-0.114,0.1255,-22.4,328.74,-15.533,-16.489,-8.9905,-53.397,216.5,0.1981,216.5,0,0,1
55754,0.0823,-0.1128,0.0874,-21.057,329.41,-20.721,-16.847,-4.675,-31.206,221.85,0.1647,221.85,0,0,1
55854,0.1128,-0.1074,0.0835,-13.062,326.02,-20.447,-17.922,13.306,-19.764,227.1,0.1767,227.1,0,0,1
55954,0.113,-0.0974,0.1018,-11.261,315.15,-14.343,-15.055,34.883,-22.538,232.98,0.1806,232.98,0,0,1
56054,0.0674,-0.0896,0.1104,-15.533,305.73,-11.2,-14.338,48.908,-40.221,237.34,0.1573,237.34,0,0,1
56154,0.0583,-0.0947,0.0881,-18.127,291.78,-15.625,-14.338,48.908,-40.221,242.27,0.1419,242.27,0,0,1
56254,0.0769,-0.0854,0.0906,-16.144,282.93,-20.02,-14.338,50.347,-57.905,247.46,0.1464,247.46,0,0,1
56354,0.0769,-0.0818,0.0867,-14.771,274.9,-16.998,-12.546,39.558,-74.201,251.88,0.1418,251.88,0,0,1
56454,0.0828,-0.0754,0.0764,-13.001,270.36,-14.832,-11.65,22.117,-78.882,256.53,0.1356,256.53,0,0,1
56554,0.0781,-0.0654,0.106,-13.733,267.36,-9.3689,-13.8,4.4952,-74.721,260.07,0.147,260.07,0,0,1
56654,0.0696,-0.0669,0.0706,-18.829,257.9,-9.3079,-13.8,4.4952,-74.721,264.75,0.1196,264.75,0,0,1
56754,0.0405,-0.0684,0.0662,-19.226,250.18,-11.291,-16.309,-6.2933,-61.545,268.91,0.1034,268.91,0,0,1
56854,0.0349,-0.0642,0.0435,-15.106,245.15,-15.808,-16.668,-11.688,-45.249,273.06,0.085,273.06,0,0,1
56954,0.0437,-0.0571,0.0393,-10.437,239.2,-15.778,-16.847,-1.4385,-28.779,277.26,0.082,277.26,0,0,1
57054,0.0447,-0.0491,0.0542,-5.5542,234.31,-10.864,-16.668,11.328,-19.59,280.49,0.0857,280.49,0,0,1
57154,0.0305,-0.0454,0.0837,-6.7444,226.32,-7.1106,-16.668,11.328,-19.59,285.07,0.1,285.07,0,0,1
57254,0.0154,-0.0442,0.0715,-12.268,220.61,-9.9487,-17.026,25.713,-21.671,288.96,0.0855,288.96,0,0,1
57354,0.0095,-0.0474,0.0649,-14.465,216.46,-15.472,-16.489,38.839,-24.965,292.62,0.0809,292.62,0,0,1
57454,0.0234,-0.0459,0.0281,-12.848,215.67,-19.165,-15.951,47.65,-37.621,296.07,0.0587,296.07,0,0,1
57554,0.0273,-0.0342,0.0435,-4.2725,209.5,-15.9,-12.904,51.066,-52.357,299.66,0.0617,299.66,0,0,1
57654,0.0359,-0.0305,0.0437,-3.1433,203.86,-10.376,-12.904,51.066,-52.357,301.96,0.0643,301.96,0,0,1
57754,0.0251,-0.0247,0.0474,-5.7983,198.24,-5.0964,-11.112,47.829,-66.573,305.31,0.059,305.31,0,0,1
57854,0.0081,-0.0229,0.0493,-9.4299,191.07,-3.3875,-12.366,38.299,-75.761,308.78,0.055,308.78,0,0,1
57954,0.011,-0.0225,0.0325,-12.054,183.99,-6.1951,-12.904,26.252,-79.055,311.76,0.041,311.76,0,0,1
58054,0.0122,-0.0186,0.041,-11.414,179.29,-6.5613,-12.904,26.252,-79.055,313.88,0.0466,313.88,0,0,1
58155,0.0164,-0.0193,0.0354,-12.329,174.13,-5.8289,-13.263,12.227,-78.362,316.77,0.0435,316.77,0,0,1
58255,0.0085,-0.0156,0.0247,-13.336,168.88,-4.9133,-13.8,3.0568,-73.334,319.67,0.0304,319.67,0,0,1
58355,0.0034,-0.0142,0.0237,-13.825,163.36,-4.6387,-15.592,-4.4952,-65.013,322.19,0.0278,322.19,0,0,1
58455,0.0027,-0.0129,0.0315,-12.207,157.81,-5.249,-15.592,-9.8895,-52.183,325.08,0.0342,325.08,0,0,1
58555,-0.0037,-0.012,0.0288,-10.864,151.98,-5.4016,-15.592,-9.8895,-52.183,327.47,0.0314,327.47,0,0,1
58655,-0.0103,-0.0076,0.0327,-10.406,147.28,-6.8665,-16.309,-9.1703,-41.088,329.19,0.0351,329.19,0,0,1
58755,-0.0178,-0.0076,0.0334,-9.5215,142.88,-8.9417,-17.026,-5.5741,-32.766,331.48,0.0386,331.48,0,0,1
58855,-0.0217,-0.0056,0.0234,-8.3618,138.98,-10.651,-16.668,1.2587,-25.485,333.66,0.0324,333.66,0,0,1
58955,-0.0156,-0.0034,0.0322,-7.0496,133.45,-12.817,-17.026,8.0914,-21.671,336.06,0.036,336.06,0,0,1
59055,-0.0261,-0.0054,0.0173,-6.7749,126.53,-14.496,-17.026,8.0914,-21.671,337.98,0.0318,337.98,0,0,1
59155,-0.0283,-0.0029,0.0364,-3.2043,115.88,-15.869,-16.309,18.161,-18.897,339.42,0.0462,339.42,0,0,1
59255,-0.0203,-0.0015,0.0374,-3.2654,109.5,-17.456,-14.876,25.713,-19.244,341.45,0.0425,341.45,0,0,1
59355,-0.022,-0.0007,0.0342,-3.9368,102.02,-18.555,-14.696,34.523,-21.844,343.02,0.0406,343.02,0,0,1
59455,-0.0247,-0.0002,0.033,-3.9673,97.351,-18.402,-13.263,41.716,-27.392,344.54,0.0412,344.54,0,0,1
59555,-0.03,0.0027,0.0251,-3.8147,87.158,-18.341,-13.263,41.716,-27.392,345.96,0.0393,345.96,0,0,1
59655,-0.0269,0.002,0.0198,-3.6316,83.313,-19.073,-11.829,47.829,-32.94,346.84,0.0334,346.84,0,0,1
59755,-0.0313,0.0046,0.0137,-1.8921,81.299,-19.165,-10.037,49.987,-37.1,348.14,0.0344,348.14,0,0,1
59855,-0.0288,0.0034,0.0137,0.5188,78.552,-19.226,-10.395,55.022,-42.648,349.13,0.0321,349.13,0,0,1
59955,-0.0264,0.0081,0.0088,3.3569,76.752,-18.768,-7.3482,56.28,-50.103,350.34,0.0289,350.34,0,0,1
60055,-0.0293,0.0046,0.0085,6.7139,76.325,-17.792,-7.3482,56.28,-50.103,351.32,0.0309,351.32,0,0,1
60155,-0.0283,0.0059,0.0061,9.9182,72.479,-15.778,-6.9897,55.561,-55.651,351.47,0.0296,351.47,0,0,1
60255,-0.0276,0.0078,0.0078,12.878,70.251,-13.977,-4.1221,54.123,-63.279,352.33,0.0297,352.33,0,0,1
60355,-0.0254,0.0056,0.0071,15.533,67.566,-11.78,-3.0468,53.404,-69.173,353.26,0.027,353.26,0,0,1
60455,-0.0234,0.0081,0.002,17.975,66.498,-9.2163,-3.0468,53.404,-69.173,353.74,0.0249,353.74,0,0,1
60555,-0.019,0.0088,-0.0066,19.989,66.742,-6.5918,-1.4338,51.785,-75.241,354.02,0.022,354.02,0,0,1
60655,-0.0181,0.0076,-0.012,20.935,67.749,-3.9368,2.1507,46.751,-79.402,354.54,0.023,354.54,0,0,1
60755,-0.0024,0.0071,-0.0151,21.057,72.998,-1.1902,1.4338,40.277,-85.296,354.54,0.0169,354.54,0,0,1
60855,0.0173,0.0093,-0.0068,21.179,79.04,1.0681,4.4806,33.624,-88.591,354.83,0.0208,354.83,0,0,1
60955,0.0403,0.0078,-0.0186,21.82,85.266,1.2512,4.4806,33.624,-88.591,354.99,0.045,354.99,0,0,1
61056,0.0742,0.0105,-0.0085,21.729,99.823,0.3967,6.2728,28.23,-92.405,355.06,0.0754,355.06,0,0,1
61156,0.0771,0.0088,-0.0339,21.118,115.91,-0.1221,6.9897,19.24,-93.791,355.01,0.0847,355.06,0,0,1
61256,0.0759,0.0103,-0.011,20.355,117.19,1.0376,10.037,6.8328,-91.885,355.18,0.0774,355.18,0,0,1
61356,0.0867,0.0129,0.0063,20.05,102.78,2.6245,11.112,-5.7539,-87.724,354.81,0.0879,355.18,0,0,1
61456,0.0916,0.0122,0.0161,19.684,88.257,4.2725,11.112,-5.7539,-87.724,354.45,0.0938,355.18,0,0,1
61556,0.1067,0.01,0.0237,18.616,77.148,6.958,15.413,-12.587,-82.523,353.97,0.1097,355.18,0,0,1
61656,0.1226,0.0146,0.0417,16.022,69.763,9.9182,16.668,-17.801,-77.842,353.68,0.1303,355.18,0,0,1
61756,0.1465,0.0122,0.0559,12.878,58.96,12.024,19.356,-23.375,-71.427,353.18,0.1573,355.18,0,1,1
61856,0.1533,0.0144,0.0884,9.7656,52.277,13.031,21.148,-25.173,-65.186,352.8,0.1776,355.18,1,2,1
61956,0.1602,0.0132,0.1121,6.2561,51.544,14.313,21.148,-25.173,-65.186,351.84,0.1959,355.18,1,3,1
62056,0.1748,0.0117,0.1365,3.6926,71.198,15.381,20.969,-29.669,-59.465,351.69,0.2221,355.18,1,4,1
62156,0.1729,0.0164,0.1948,0.2441,116.79,17.792,24.016,-27.331,-53.05,350.88,0.261,355.18,1,5,1
62256,0.1167,0.0159,0.2932,-5.4321,204.71,19.501,25.629,-28.59,-40.741,350.28,0.316,355.18,1,6,1
62356,0.0637,0.0066,0.3447,-14.587,259.31,16.113,28.676,-19.06,-17.337,349.49,0.3506,355.18,1,7,1
62456,-0.0288,0.0078,0.3533,-22.675,194.7,5.7373,28.676,-19.06,-17.337,349.49,0.3545,355.18,1,8,1
62556,-0.2031,0.0056,0.3931,-26.154,157.93,-5.0049,31.723,-0.5394,-3.294,348.26,0.4425,355.18,1,9,1
62656,-0.3174,-0.0063,0.313,-24.872,201.93,-11.139,32.798,15.284,-0.5201,346.74,0.4458,355.18,1,10,1
62756,-0.3582,0.001,0.198,-16.174,335.63,-25.391,36.92,37.041,-6.2412,345.28,0.4092,355.18,1,11,1
62856,-0.5186,-0.0012,-0.0959,3.5706,247.65,-37.72,36.92,37.041,-6.2412,345.32,0.5274,355.18,1,12,1
62956,-0.5161,0.012,-0.3293,13.855,204.83,-32.074,39.071,60.776,-28.085,345.74,0.6124,355.18,1,13,1
63056,-0.3472,0.0237,-0.5378,17.059,347.2,-17.639,43.731,64.012,-49.236,345.55,0.6406,355.18,1,14,1
63156,-0.0222,0.0208,-0.5886,19.989,297.12,-9.6741,46.419,49.807,-77.495,344.83,0.5894,355.18,1,15,1
63256,0.2363,0.0288,-0.6406,17.609,245.12,0.8545,46.24,29.129,-87.724,341.3,0.6834,355.18,1,16,1
63356,0.5781,0.009,-0.2881,11.414,380,6.1951,46.24,29.129,-87.724,339.41,0.646,355.18,1,17,1
63456,0.8208,0.0098,-0.0999,10.834,342.53,-2.1362,48.211,1.9779,-85.123,343.58,0.8269,355.18,1,18,1
63556,0.5076,-0.0122,0.5251,11.993,375,-20.721,49.466,-22.296,-58.251,337.81,0.7304,355.18,1,19,1
63656,-0.0139,-0.0347,0.7671,35.248,505.13,-1.8311,47.853,-16.363,-22.018,338.98,0.768,355.18,1,20,1
63756,-0.3076,-0.0134,0.7009,39.581,434.3,12.482,43.551,22.476,-4.6809,334.98,0.7656,355.18,1,21,1
63856,-0.574,-0.0107,-0.1604,39.612,546.14,39.734,43.551,22.476,-4.6809,336.06,0.5961,355.18,1,22,1
63956,-0.54,-0.0737,-0.9502,-9.5215,464.45,49.377,39.071,63.653,-35.714,331.48,1.0954,355.18,1,23,1
64056,0.3328,-0.0623,-1.1113,-32.135,330.81,27.802,35.666,51.965,-80.269,324.87,1.1617,355.18,1,24,1
64156,1.0244,0.0688,-0.8154,-42.419,236.66,4.5776,29.214,23.555,-94.832,322.1,1.3111,355.18,1,25,1
64256,1.6616,0.0735,-0.7249,-64.758,133.03,-76.325,23.12,0.1798,-90.671,327.1,1.8143,355.18,1,26,1
64356,1.4023,-1.6179,-1.8965,-112.92,89.386,-169.56,23.12,0.1798,-90.671,325.01,2.8602,355.18,1,27,1
64456,0.6602,-0.3491,-0.3455,-73.151,177.52,-268.71,8.2443,-3.9558,-86.337,320.54,0.8228,355.18,1,28,1
64556,-0.7524,-0.0457,-0.1577,40.07,234.41,-246.8,-12.187,-2.5173,-73.508,311.24,0.7701,355.18,1,29,1
64656,-1.6021,0.4636,-1.4917,44.678,144.96,-126.74,-18.819,4.4952,-69.867,311.03,2.2376,355.18,1,30,1
64756,-1.6401,0.8076,-0.4568,-51.605,43.121,-13.397,-21.507,6.8328,-65.533,310.77,1.8844,355.18,1,31,1
64856,-0.9631,0.7527,0.0134,-65.948,-20.996,70.709,-21.507,6.8328,-65.533,306.42,1.2224,355.18,1,32,1
64956,-0.3057,0.7842,0.2104,-63.934,-16.724,108.46,-21.507,3.5962,-60.332,302.71,0.8676,355.18,2,33,1
65056,0.3232,0.9832,0.667,-26.459,-60.822,35.553,-19.535,-6.653,-57.731,302.96,1.2312,355.18,2,34,1
65156,0.2168,0.9421,0.5029,23.56,-85.632,10.01,-16.13,-5.0347,-62.065,300,1.0898,355.18,2,35,1
65256,-0.0286,0.8242,0.1362,41.779,-99.976,-3.1738,-16.13,-5.0347,-62.065,297.74,0.8359,355.18,2,36,1
65356,0.2749,0.8005,0.3694,57.983,-98.114,-19.409,-13.8,-3.0568,-68.48,295.28,0.9235,355.18,2,37,1
65464,0.0908,0.5886,0.4063,79.437,-95.734,-47.821,-13.621,4.675,-77.322,294.57,0.7209,355.18,2,38,1
65564,-0.8843,0.7312,-0.9983,80.292,-74.097,-41.534,-6.9897,12.047,-85.817,296.71,1.5209,355.18,2,39,1
65664,-0.7681,0.6677,-0.4397,33.752,-92.835,5.249,-3.226,23.016,-88.07,293.24,1.1087,355.18,2,40,1
65764,0.5115,1.1077,0.3044,-20.691,-182.62,84.442,-3.5845,31.287,-86.337,295.75,1.2575,355.18,2,41,1
65864,-0.6025,0.98,-0.2083,-3.4485,-289.43,32.562,-3.5845,31.287,-86.337,291.23,1.1691,355.18,2,42,1
65964,-0.0769,1.0215,0.8767,51.086,-214.6,54.169,-6.2728,48.728,-74.028,284.57,1.3483,355.18,2,43,1
66064,-0.4651,0.8828,-0.7014,86.182,-140.63,2.8687,-8.2443,54.662,-61.025,279.62,1.2197,355.18,2,44,1
66164,-0.8425,0.9519,-0.8596,20.172,-170.44,14.771,-6.2728,58.078,-52.53,268.28,1.5346,355.18,2,45,1
66264,-0.7014,0.887,-0.1177,7.8125,-181.12,51.758,-6.2728,58.078,-52.53,265.31,1.1369,355.18,2,46,1
66364,-0.0281,0.9111,-0.2175,20.874,-179.57,52.704,-8.782,52.684,-39.701,265.78,0.9372,355.18,2,47,1
66464,0.562,1.0391,0.0813,24.2,-193.51,7.1106,-13.263,42.435,-28.779,267.05,1.1841,355.18,2,48,1
66564,-0.2747,0.949,-0.1733,14.252,-187.81,-25.055,-14.876,33.265,-22.711,268.41,1.003,355.18,2,49,1
66664,-0.3984,1.1394,-0.2813,0.3967,-171.84,-9.3689,-15.592,22.476,-18.203,268.18,1.2394,355.18,2,50,1
66764,-0.5452,0.9636,0.0369,-21.271,-156.98,16.174,-15.592,22.476,-18.203,266.69,1.1078,355.18,2,51,1
66864,0.5986,0.9429,0.7427,20.233,-114.04,17.242,-14.159,12.767,-17.857,265.25,1.3412,355.18,2,52,1
66964,-0.3691,0.9238,-0.0129,35.828,-107.39,-27.252,-12.904,4.3154,-20.804,264.47,0.9949,355.18,2,53,1
67064,-0.6257,0.9553,-0.0618,29.388,-94.727,-1.9836,-16.489,-2.877,-27.739,262.17,1.1437,355.18,2,54,1
67164,-0.3931,0.9436,-0.0039,30.823,-77.789,29.755,-17.385,-7.3722,-35.194,260.19,1.0222,355.18,2,55,1
67264,-0.0063,0.9634,-0.1636,29.755,-90.515,36.102,-17.385,-7.3722,-35.194,258.22,0.9772,355.18,2,56,1
67364,0.1218,1.0315,-0.5083,11.414,-114.87,16.449,-15.234,-10.609,-43.168,257.04,1.1564,355.18,2,57,1
67464,-0.126,1.0435,-0.248,-12.787,-110.08,20.874,-15.592,-14.565,-51.143,254.37,1.0799,355.18,2,58,1
67564,0.0889,0.9304,0.2495,5.6763,-93.933,23.621,-11.829,-12.227,-56.864,253,0.9674,355.18,2,59,1
67664,-0.4661,0.8257,0.6541,81.757,-28.656,44.617,-10.753,-12.587,-65.186,251.16,1.1518,355.18,2,60,1
67764,0.1697,0.9937,-1.2683,71.228,-6.8054,53.619,-10.753,-12.587,-65.186,249.83,1.6201,355.18,2,61,1
67864,0.4912,1.1252,-1.3699,-22.278,-78.4,25.665,0.1792,-16.003,-71.947,248.29,1.8396,355.18,2,62,1
67964,0.375,0.9058,-0.843,-92.56,-195.13,8.9417,1.2546,-13.845,-76.802,246.18,1.2929,355.18,2,63,1
68064,0.1545,0.8074,-0.2668,-108,-232.88,26.367,-6.4521,0,-81.136,243.2,0.8643,355.18,2,64,1
68164,0.5271,0.8303,0.303,-64.453,-183.04,39.459,-12.366,11.688,-80.962,241.08,1.0291,355.18,2,65,1
68264,0.5879,0.9087,0.1272,-30.609,-183.04,5.4932,-12.366,11.688,-80.962,240.05,1.0897,355.18,2,66,1
68364,0.2749,0.9524,0.1094,-24.231,-183.2,-20.172,-15.413,23.016,-78.709,238.25,0.9973,355.18,2,67,1
68464,0.2229,0.9473,0.4512,-7.3547,-166.14,-30.701,-17.564,37.041,-70.387,235.5,1.0726,355.18,2,68,1
68564,-0.2849,2.6162,-0.0093,316.83,-149.78,-108.34,-10.933,48.009,-69.867,236.28,2.6317,355.18,2,69,1
68664,-0.4243,2.0359,-0.3267,-202.76,-222.99,219.48,-10.933,48.009,-69.867,238.44,2.1051,355.18,2,70,1
68764,0.147,0.4741,-0.0251,116.88,-197.78,306.34,-7.8859,54.303,-61.719,233.63,0.497,355.18,2,71,1
68864,0.4417,2.2048,-0.981,-313.2,-185,-120.82,-24.554,28.59,-50.45,234.88,2.4533,355.18,2,72,1
68964,-0.031,1.6816,0.8303,-376.92,-118.47,267.3,-18.102,24.274,-23.404,231.62,1.8757,355.18,2,73,1
69064,0.7344,1.6294,0.1829,313.2,41.687,-71.35,-6.2728,10.249,-10.922,233.57,1.7966,355.18,2,74,1
69164,-0.0493,1.5298,-0.4783,-21.179,137.79,-255.89,-6.2728,10.249,-10.922,229.27,1.6036,355.18,2,75,1
69264,-0.3193,1.8525,0.4526,-142.85,180.45,-96.466,-18.998,33.085,-26.698,226.62,1.9336,355.18,2,76,1
69364,-0.0732,1.3845,0.0935,167.11,230.71,137.45,-3.7637,54.123,-26.178,225.57,1.3896,355.18,2,77,1
69464,0.2202,0.7747,-0.0498,43.426,234.19,-39.551,-13.98,49.987,-52.01,223.73,0.8069,355.18,2,78,1
69564,0.0154,0.6655,-0.0422,85.938,221.01,-257.39,-3.9429,49.987,-72.814,223.02,0.667,355.18,2,79,1
69664,-0.385,1.0149,-0.325,-32.257,166.78,17.151,-3.9429,49.987,-72.814,223.2,1.1331,355.18,2,80,1
69764,-0.2185,0.7415,0.0173,-85.48,140.9,262.08,8.2443,43.874,-87.377,221.48,0.7732,355.18,2,81,1
69864,0.3958,1.1719,0.0605,-74.585,144.2,225.71,-5.3767,17.981,-88.417,219.56,1.2384,355.18,2,82,1
69964,0.4612,1.2334,0.0872,31.403,103.52,-216.89,-7.5274,-0.7192,-78.362,220.7,1.3197,355.18,2,83,1
70064,-0.2739,1.0701,-0.0977,119.81,91.461,-152.8,-11.291,6.2933,-80.962,217.57,1.1089,355.18,2,84,1
70164,0.0422,1.4717,-0.2114,-98.053,49.164,45.532,-11.291,6.2933,-80.962,216.37,1.4874,355.18,2,85,1
70264,0.0554,1.3955,0.1819,-127.62,34.699,-98.358,-12.187,3.9558,-76.975,214.59,1.4084,355.18,2,86,1
70364,-0.2405,1.0303,0.0825,30.182,46.539,-87.128,-21.328,8.8107,-66.4,213.61,1.0612,355.18,2,87,1
70464,-0.2014,0.749,0.0398,-39.124,34.943,50.14,-20.432,12.946,-66.92,212.83,0.7767,355.18,2,88,1
70564,-0.002,0.6287,0.1311,-63.934,31.769,92.621,-22.044,4.4952,-60.158,211.67,0.6422,355.18,2,89,1
70664,0.0847,0.9417,0.3345,81.573,47.028,24.628,-22.044,4.4952,-60.158,212.3,1.0029,355.18,2,90,1
70764,0.0369,1.1179,0.0435,207.37,65.979,-110.57,-19.177,-2.6971,-61.545,208.95,1.1194,355.18,2,91,1
70864,-0.1409,0.9961,-0.2166,84.015,48.462,-143.62,-13.8,2.6971,-73.334,208.72,1.029,355.18,2,92,1
70964,-0.2703,1.0325,-0.1387,-82.489,5.7373,-81.573,-16.847,11.508,-75.588,209.15,1.0762,355.18,2,93,1
71064,-0.2866,1.2078,0.0852,-47.485,-27.588,26.489,-16.847,11.508,-75.588,208.09,1.2442,355.18,2,94,1
71164,-0.2021,1.27,0.0117,48.889,-45.227,90.21,-21.686,13.486,-70.214,206.68,1.2861,355.18,2,95,1
71264,-0.0664,0.9709,-0.0164,52.948,-76.263,56.58,-18.281,7.552,-71.427,205.58,0.9734,355.18,2,96,1
71364,-0.3372,1.1423,-0.1257,51.178,-113.07,39.886,-13.8,8.4511,-78.535,205.24,1.1977,355.18,2,97,1
71464,0.0381,0.949,-0.0247,-7.1106,-148.86,196.9,-10.037,9.3501,-81.829,203.37,0.9501,355.18,2,98,1
71564,0.1423,0.6821,-0.0869,26.398,-165.92,26.855,-10.037,9.3501,-81.829,201.51,0.7022,355.18,2,99,1
71664,-0.062,1.2295,-0.0383,-137.7,-173.95,-96.954,-5.1975,14.565,-85.817,200.5,1.2317,355.18,2,100,1
71764,-0.2271,0.825,0.2681,47.424,-175.81,29.602,-12.366,33.984,-78.882,199.1,0.8966,355.18,2,101,1
71864,-0.1479,1.1636,-0.0603,252.69,-172.27,90.881,-10.395,42.435,-72.121,198.49,1.1745,355.18,2,102,1
71964,-0.1189,0.9138,-0.3455,53.65,-222.72,95.276,-1.7922,47.47,-75.241,198.52,0.9841,355.18,2,103,1
72064,-0.1187,0.885,-0.1858,-48.065,-269.62,168.4,-1.7922,47.47,-75.241,198.02,0.9121,355.18,2,104,1
72164,0.0964,1.1736,-0.1318,-48.615,-310.82,133.39,-12.904,49.627,-56.518,196.19,1.1849,355.18,2,105,1
72264,0.0718,1.2813,-0.0869,-120.61,-351.5,-18.524,-19.715,34.883,-36.06,194.2,1.2862,355.18,2,106,1
72364,-0.0254,1.2336,0.1807,-104.68,-369.48,-46.783,-15.413,19.06,-17.683,193.23,1.2471,355.18,2,107,1
72464,0.0122,0.8574,0.1963,12.299,-359.8,-108.83,-11.65,-0.5394,-19.937,192.1,0.8797,355.18,2,108,1
72564,-0.0981,0.6738,0.2637,2.594,-340.61,-159.91,-11.65,-0.5394,-19.937,191.76,0.7302,355.18,2,109,1
72664,-0.1755,0.9185,0.1863,277.04,-290.44,-97.626,-19.894,-2.6971,-38.314,191.27,0.9535,355.18,2,110,1
72764,-0.2834,0.998,-0.1584,114.04,-324.86,-106.63,-19.177,13.126,-70.214,189.08,1.0495,355.18,2,111,1
72864,-0.2168,0.9668,-0.0142,-22.308,-342.77,100.46,-15.592,36.501,-73.334,187.82,0.9909,355.18,2,112,1
72964,0.2026,1.0447,0.0664,15.533,-344.21,59.479,-19.715,38.479,-55.824,186.91,1.0662,355.18,2,113,1
73064,0.1135,0.9016,-0.0085,-106.48,-340.55,-143.19,-19.715,38.479,-55.824,186.01,0.9088,355.18,2,114,1
73164,0.0332,1.0579,0.4097,-72.754,-334.11,-126.37,-15.951,45.132,-32.766,185.3,1.1349,355.18,2,115,1
73264,-0.0986,0.7595,0.2046,115.51,-305.15,-119.81,-4.4806,32.905,-10.575,184.26,0.7928,355.18,2,116,1
73364,-0.2002,1.0442,0.0327,122.53,-295.5,-36.591,-11.65,16.722,-15.083,181.98,1.0637,355.18,2,117,1
73464,-0.1379,1.085,-0.1238,75.165,-315.34,73.486,-11.65,16.722,-15.083,181.29,1.1007,355.18,2,118,1
73564,-0.0044,0.7927,-0.2231,12.116,-337.89,151.52,-16.489,-2.5173,-31.553,180.56,0.8235,355.18,2,119,1
73664,0.0938,1.0308,-0.2505,-166.6,-366.94,107.33,-9.3196,-17.262,-56.518,179.55,1.0649,355.18,2,120,1
73764,0.2104,0.9128,0.0881,-165.25,-377.81,116.88,-7.169,-8.9905,-73.508,178.41,0.9409,355.18,2,121,1
73864,0.3025,0.9766,0.0237,-49.042,-382.48,-97.321,-11.291,12.767,-80.962,177.48,1.0226,355.18,2,122,1
73964,-0.0737,0.9426,0.0925,-75.989,-388.67,-218.44,-11.291,12.767,-80.962,176.06,0.95,355.18,2,123,1
74064,-0.3323,0.9841,0.3306,48.187,-365.78,-34.668,-10.753,49.627,-67.266,175.74,1.09,355.18,2,124,1
74164,-0.1511,1.1521,0.0388,254.43,-318.57,28.9,-3.4053,56.64,-35.887,174.23,1.1626,355.18,2,125,1
74264,-0.2051,1.0601,-0.2942,71.533,-346.31,-24.811,-12.725,44.773,-28.952,173.82,1.1191,355.18,2,126,1
74364,-0.0967,1.0293,0.0103,-118.5,-367.13,86.395,-13.263,23.735,-14.91,172.13,1.0339,355.18,2,127,1
74464,0.2122,1.0454,0.2407,6.1646,-349.7,-5.3101,-13.263,23.735,-14.91,171.34,1.0935,355.18,2,128,1
74564,0.0583,0.7563,0.1006,-15.32,-325.81,-211.09,-7.5274,-5.3943,-18.377,170.29,0.7652,355.18,2,129,1
74664,-0.1829,1.2253,0.5498,123.9,-293.55,-180.18,-20.073,-5.3943,-38.834,169.27,1.3554,355.18,2,130,1
74764,-0.3289,0.6074,0.1079,254.24,-247.86,-89.111,-22.403,13.845,-64.666,168.52,0.6991,355.18,2,131,1
74864,-0.2988,0.9705,-0.0679,118.62,-278.53,196.84,-14.696,27.331,-79.402,167.54,1.0177,355.18,2,132,1
74964,0.0745,1.0066,-0.2871,-19.959,-328.13,198.64,-14.696,27.331,-79.402,165.86,1.0494,355.18,2,133,1
75072,0.22,0.8643,-0.095,-155.43,-343.48,205.93,-16.309,32.905,-74.721,165.58,0.8969,355.18,2,134,1
75172,0.2959,0.7021,-0.0691,-179.41,-330.72,-37.323,-24.375,25.893,-52.01,165.99,0.7651,355.18,2,135,1
75272,0.1655,0.9111,0.0454,-203,-276.92,-184.75,-21.865,25.173,-27.739,164.18,0.9272,355.18,2,136,1
75372,-0.1155,1.0425,0.3208,-117.13,-275.51,-80.475,-5.3767,20.498,-8.6683,161.15,1.0968,355.18,2,137,1
75472,0.0554,1.0698,0.416,188.2,-318.63,0.0916,-5.3767,20.498,-8.6683,160.49,1.1492,355.18,2,138,1
75572,-0.0242,1.2185,-0.2119,171.02,-276.31,-137.18,-11.112,-0.7192,-18.724,159.86,1.237,355.18,2,139,1
75672,-0.4041,0.8503,-0.1631,-119.54,-288.02,-19.012,-24.016,3.5962,-49.583,159.6,0.9555,355.18,2,140,1
75772,-0.1025,1.0308,0.261,-44.617,-253.14,207.92,-22.761,1.6183,-46.636,157.88,1.0682,355.18,2,141,1
75872,-0.0383,0.8625,0.1062,149.14,-194.64,-60.822,-17.922,-0.7192,-60.678,155.89,0.8699,355.18,2,142,1
75972,-0.1411,0.8826,-0.0852,114.56,-171.39,-39.185,-17.922,-0.7192,-60.678,154.87,0.8978,355.18,2,143,1
76072,-0.165,0.8298,-0.1626,-46.387,-169.56,20.111,-12.904,15.104,-79.749,154.84,0.8616,355.18,2,144,1
76172,-0.0952,0.9717,0.0439,-142.3,-171.3,82.825,-15.413,23.375,-78.362,153.48,0.9773,355.18,2,145,1
76272,0.0598,0.8481,0.2434,12.97,-134.83,32.501,-21.328,25.713,-64.666,151.91,0.8844,355.18,2,146,1
76372,-0.1333,0.8169,-0.0066,70.404,-68.878,-57.892,-21.328,25.713,-64.666,150.52,0.8277,355.18,2,147,1
76472,-0.196,1.1558,0.0308,65.674,-50.629,6.6528,-21.686,29.309,-68.48,148.78,1.1727,355.18,2,148,1
76572,0.1033,1.144,0.2454,19.928,-71.625,102.75,-17.385,36.142,-73.334,148.47,1.1746,355.18,2,149,1
76672,0.178,1.0095,-0.0645,12.634,-90.637,-8.667,-17.564,31.647,-73.508,147.35,1.0271,355.18,2,150,1
76772,-0.0203,1.0718,0.2854,-121.61,-81.116,-132.02,-17.743,40.097,-68.48,145.55,1.1093,355.18,2,151,1
76872,-0.2114,0.8975,0.2048,-129.03,-61.035,-58.533,-17.743,40.097,-68.48,145.06,0.9445,355.18,2,152,1
76972,-0.1975,0.9819,0.4043,72.388,1.8616,88.318,-12.546,51.426,-50.97,144.65,1.0801,355.18,2,153,1
77072,0.0459,1.1292,0.009,207.61,64.697,133.27,-16.489,47.47,-50.97,143.53,1.1301,355.18,2,154,1
77172,0.2119,0.843,-0.1165,53.986,125.4,-22.522,-16.489,32.725,-70.734,141.44,0.877,355.18,2,155,1
77272,-0.0989,1.0581,-0.209,-54.474,131.32,-164.86,-15.951,32.545,-75.415,140.41,1.0831,355.18,2,156,1
77372,-0.3518,0.8171,-0.03,-46.875,143.34,-66.498,-15.951,32.545,-75.415,139.32,0.8902,355.18,2,157,1
77472,-0.2104,1.0107,0.0234,-64.087,151.55,98.236,-12.546,33.445,-75.588,138.18,1.0327,355.18,2,158,1
77572,0.0088,0.9819,0.1057,-69.977,181.73,91.217,-17.385,18.52,-74.721,136.88,0.9876,355.18,2,159,1
77672,0.05,0.9001,0.2178,37.689,207.89,1.2207,-19.715,2.5173,-64.839,135.8,0.9275,355.18,2,160,1
77772,-0.0142,0.9778,0.1846,65.674,217.5,39.459,-17.743,-5.9337,-59.465,134.26,0.9952,355.18,2,161,1
77872,0.054,0.9919,0.0671,-23.468,209.32,67.627,-17.743,-5.9337,-59.465,133.4,0.9957,355.18,2,162,1
77972,0.0378,1.0588,0.1208,-19.501,191.59,10.01,-12.187,-13.666,-47.156,131.89,1.0664,355.18,2,163,1
78072,0.0044,1.0144,0.0789,74.402,215.09,-15.564,-11.65,-10.968,-33.46,131.13,1.0175,355.18,2,164,1
78172,-0.0286,1.0479,-0.0393,6.3782,187.29,0.2747,-15.055,-2.1577,-22.538,130.31,1.049,355.18,2,165,1
78272,-0.0583,1.1069,0.0686,-90.057,158.48,-33.752,-11.65,6.2933,-14.736,128.89,1.1106,355.18,2,166,1
78372,-0.126,0.9194,0.1167,-41.992,137.18,-26.154,-11.65,6.2933,-14.736,127.6,0.9353,355.18,2,167,1
78472,-0.1018,0.9385,0.0237,-2.3193,123.38,27.71,-5.9144,22.117,-9.8819,126.86,0.9443,355.18,2,168,1
78572,-0.1704,0.9968,0.0969,-13.611,104.22,2.7771,-7.8859,30.927,-12.829,126,1.0159,355.18,2,169,1
78672,-0.2063,0.9209,0.114,37.292,91.583,33.234,-6.2728,38.299,-14.736,125.1,0.9506,355.18,2,170,1
78772,-0.0801,1.0105,0.0574,102.97,58.929,131.5,-6.2728,38.299,-14.736,123.18,1.0153,355.18,2,171,1
78872,0.1492,0.9275,-0.1167,57.098,41.931,60.272,-14.696,38.839,-25.312,122.17,0.9466,355.18,2,172,1
78972,-0.0117,0.7454,-0.1968,-32.501,40.192,-112.73,-20.79,31.647,-35.367,121.44,0.771,355.18,2,173,1
79072,-0.2856,1.0049,-0.0745,-57.678,15.961,-133.79,-17.922,40.637,-30.859,120.11,1.0473,355.18,2,174,1
79172,-0.2419,0.8672,-0.0337,-5.0049,-45.593,26.977,-9.1404,49.088,-26.872,118.62,0.9009,355.18,2,175,1
79272,-0.0667,0.9246,-0.1138,12.878,7.6599,72.479,-9.1404,49.088,-26.872,117.35,0.9339,355.18,2,176,1
79372,0.0022,0.9282,0.0208,8.3618,17.731,-31.25,-13.263,42.075,-25.658,115.92,0.9285,355.18,2,177,1
79472,-0.1313,0.9575,0.0562,38.422,25.757,-57.098,-12.904,43.154,-27.392,114.92,0.9681,355.18,2,178,1
79572,-0.2422,0.9458,-0.0996,47.791,37.75,70.953,-12.546,48.549,-33.286,114.38,0.9814,355.18,2,179,1
79672,0.019,1.1353,-0.0164,-18.89,15.595,115.54,-19.177,40.817,-35.54,113.36,1.1355,355.18,2,180,1
79772,0.1042,0.9138,-0.0723,-69.672,-18.097,-22.552,-19.177,40.817,-35.54,111.7,0.9226,355.18,2,181,1
79872,0.0034,1.0598,0.1091,-54.443,-70.313,-112.4,-17.564,38.12,-31.553,110.04,1.0654,355.18,2,182,1
79972,-0.1836,0.897,0.1494,19.531,-44.983,-57.678,-11.829,41.716,-24.965,109.04,0.9277,355.18,2,183,1
80072,-0.1738,0.8708,0.0366,97.076,-62.134,57.556,-10.216,43.694,-24.098,108.48,0.8888,355.18,2,184,1
80172,-0.0132,1.146,-0.1758,67.23,-116.12,73.364,-19.715,33.804,-28.432,107.42,1.1595,355.18,2,185,1
80272,-0.021,1.0969,-0.0698,-6.1646,-73.151,33.844,-19.715,33.804,-28.432,106,1.0993,355.18,2,186,1
80403,-0.082,1.0439,-0.0908,-31.891,-55.328,28.32,-20.252,26.792,-27.565,104.47,1.0511,355.18,2,187,1
80503,0.03,1.0742,-0.094,-48.37,-55.847,18.494,-18.46,19.599,-25.138,103.2,1.0787,355.18,2,188,1
80603,0.0828,1.0229,-0.0388,-61.981,-62.622,-102.36,-17.026,13.486,-22.018,101.95,1.027,355.18,2,189,1
80703,-0.1096,1.0103,0.0598,-77.576,-62.042,-198.06,-13.98,20.858,-14.216,100.58,1.0179,355.18,2,190,1
80803,-0.4067,0.7764,0.1902,4.425,-38.574,-20.294,-5.5559,27.151,-9.1884,100.43,0.8969,355.18,2,191,1
80903,-0.3398,0.9155,0.1482,102.02,-9.0027,208.13,-5.5559,27.151,-9.1884,98.795,0.9877,355.18,2,192,1
81003,0.2012,1.3159,-0.106,128.42,2.3499,247.28,-12.546,15.464,-14.216,96.29,1.3354,355.18,2,193,1
81103,0.3389,0.8464,-0.2029,-97.717,28.229,-76.477,-14.159,-2.3375,-23.751,96.573,0.934,355.18,2,194,1
81203,0.0027,1.1125,0.0815,-254.91,54.993,-232.51,-8.782,4.1356,-15.43,94.834,1.1155,355.18,2,195,1
81303,-0.4453,0.7124,0.3604,69,103.33,-44.281,1.4338,22.296,-5.8945,94.025,0.9142,355.18,2,196,1
81403,-0.3035,0.8035,0.0874,134.92,124.94,251.62,1.4338,22.296,-5.8945,92.881,0.8633,355.18,2,197,1
81503,0.4348,1.5928,-0.1436,120.27,143.71,212.68,-13.8,21.397,-14.39,91.647,1.6573,355.18,2,198,1
81603,0.2117,0.3513,-0.092,-64.667,188.51,-65.46,-20.073,11.508,-23.231,92.033,0.4204,355.18,2,199,1
81703,-0.1194,1.2419,-0.0652,-6.9275,197.11,-279.85,-13.98,34.164,-18.724,89.642,1.2494,355.18,2,200,1
81803,-0.4077,0.6855,-0.0803,64.972,196.69,-45.837,-13.98,34.164,-18.724,87.243,0.8017,355.18,2,201,1
81903,-0.4143,0.762,0.3052,-131.47,123.2,109.56,-3.7637,55.921,-34.5,86.394,0.9194,355.18,2,202,1
82003,0.019,1.1106,0.4563,7.0496,159.42,125.79,-8.6027,55.741,-43.688,86.159,1.2008,355.18,2,203,1
